service_id,monday,tuesday,wednesday,thursday,friday,saturday,sunday,start_date,end_date
1_107_1471_10_268_1,1,1,1,1,1,0,0,20200914,20260630
1_108_1474_10_268_2,0,0,0,0,0,1,0,20200914,20260630
1_109_1476_10_268_3,0,0,0,0,0,0,1,20200914,20260630
1_111_163_10_267_2,0,0,0,0,0,1,0,20250901,20260630
1_112_164_10_267_3,0,0,0,0,0,0,1,20250901,20260630
1_116_1477_10_414_1,1,1,1,1,1,0,0,20200914,20260630
1_129_1468_10_263_1,1,1,1,1,1,0,0,20250901,20260630
1_129_1468_10_442_1,1,1,1,1,1,0,0,20250901,20260630
1_130_1469_10_263_2,0,0,0,0,0,1,0,20250901,20260630
1_131_1470_10_263_3,0,0,0,0,0,0,1,20250901,20260630
1_181_176_10_277_1,1,1,1,1,1,0,0,20250901,20260630
1_290_1464_13_475_1,1,1,1,1,1,0,0,20220701,20260630
1_297_178_10_277_3,0,0,0,0,0,0,1,20250901,20260630
1_311_404_10_276_1,1,1,1,1,1,0,0,20250901,20260630
1_315_408_10_264_1,1,1,1,1,1,0,0,20200914,20260630
1_315_760_10_265_1,1,1,1,1,1,0,0,20200914,20260630
1_383_1466_10_290_1,1,1,1,1,1,0,0,20250901,20260630
1_384_1467_10_291_1,1,1,1,1,1,0,0,20250901,20260630
1_386_482_10_419_1,1,1,1,1,1,0,0,20250901,20260630
1_386_1047_10_272_1,1,1,1,1,1,0,0,20250901,20260630
1_392_487_10_273_1,1,1,1,1,1,0,0,20250901,20260630
1_392_487_10_420_1,1,1,1,1,1,0,0,20250901,20260630
1_445_531_10_282_2,0,0,0,0,0,1,0,20250701,20250831
1_446_532_10_282_3,0,0,0,0,0,0,1,20250701,20250831
1_447_536_10_279_1,1,1,1,1,1,0,0,20250801,20250831
1_448_537_10_282_1,1,1,1,1,1,0,0,20250801,20250831
1_448_537_10_284_1,1,1,1,1,1,0,0,20250801,20250831
1_449_538_10_279_2,0,0,0,0,0,1,0,20250701,20250831
1_451_541_10_284_2,0,0,0,0,0,1,0,20250701,20250831
1_452_543_10_284_3,0,0,0,0,0,0,1,20250701,20250831
1_453_545_10_281_2,0,0,0,0,0,1,0,20250701,20250831
1_495_195_9_466_1,1,1,1,1,1,0,0,20250701,20250831
1_496_196_9_204_2,0,0,0,0,0,1,0,20250701,20250831
1_512_370_9_217_3,0,0,0,0,0,0,1,20250701,20250831
1_535_525_10_279_3,0,0,0,0,0,0,1,20250701,20250831
1_600_683_10_490_1,1,1,1,1,1,0,0,20200914,20260630
1_601_682_6_489_1,1,1,1,1,1,0,0,20200914,20260630
1_602_684_10_492_1,1,1,1,1,1,0,0,20200914,20260630
1_603_685_6_492_1,1,1,1,1,1,0,0,20200914,20260630
1_631_717_24_239_1,1,1,1,1,1,0,0,20240901,20260630
1_632_718_24_239_4,0,0,0,0,0,1,1,20240901,20260630
1_636_723_24_242_4,0,0,0,0,0,1,1,20250901,20260630
1_637_724_24_243_1,1,1,1,1,1,0,0,20250901,20260630
1_637_724_24_416_1,1,1,1,1,1,0,0,20250901,20260630
1_638_725_24_243_4,0,0,0,0,0,1,1,20250901,20260630
1_639_726_24_244_1,1,1,1,1,1,0,0,20250901,20260630
1_639_726_24_245_1,1,1,1,1,1,0,0,20250901,20260630
1_640_727_24_245_4,0,0,0,0,0,1,1,20250901,20260630
1_642_1338_24_247_2,0,0,0,0,0,1,0,20250901,20260630
1_683_757_10_499_1,1,1,1,1,1,0,0,20200914,20260630
1_685_759_9_501_1,1,1,1,1,1,0,0,20250901,20260630
1_688_763_10_502_1,1,1,1,1,1,0,0,20200914,20260630
1_692_769_10_436_1,1,1,1,1,1,0,0,20250901,20260630
1_742_231_13_302_2,0,0,0,0,0,1,0,20250901,20260630
1_742_1462_13_259_2,0,0,0,0,0,1,0,20250901,20260630
1_742_1462_13_260_2,0,0,0,0,0,1,0,20250901,20260630
1_743_1463_13_259_3,0,0,0,0,0,0,1,20250901,20260630
1_747_1498_13_300_1,1,1,1,1,1,0,0,20250901,20260630
1_788_1079_10_267_1,1,1,1,1,1,0,0,20250901,20260630
1_800_1109_24_240_1,1,1,1,1,1,0,0,20250901,20260630
1_800_1109_24_241_1,1,1,1,1,1,0,0,20250901,20260630
1_804_1103_9_498_1,1,1,1,1,1,0,0,20210906,20260630
1_805_1104_9_498_2,0,0,0,0,0,1,0,20210906,20260630
1_806_1105_9_498_3,0,0,0,0,0,0,1,20210906,20260630
1_851_722_24_242_1,1,1,1,1,1,0,0,20250901,20260630
1_859_731_24_417_1,1,1,1,1,1,0,0,20250901,20260630
1_859_731_24_500_1,1,1,1,1,1,0,0,20250901,20260630
1_859_1231_24_247_1,1,1,1,1,1,0,0,20250901,20260630
1_860_1232_24_247_3,0,0,0,0,0,0,1,20250901,20260630
1_864_1242_24_240_4,0,0,0,0,0,1,1,20250901,20260630
1_864_1242_24_241_4,0,0,0,0,0,1,1,20250901,20260630
1_865_1243_10_277_2,0,0,0,0,0,1,0,20250901,20260630
1_866_1253_9_212_9,1,1,1,1,0,0,0,20250901,20260630
1_866_1253_9_213_9,1,1,1,1,0,0,0,20250901,20260630
1_866_1254_9_212_5,0,0,0,0,1,0,0,20250901,20260630
1_866_1254_9_213_5,0,0,0,0,1,0,0,20250901,20260630
1_867_1255_9_212_2,0,0,0,0,0,1,0,20250901,20260630
1_868_1256_9_212_3,0,0,0,0,0,0,1,20250901,20260630
1_869_1247_9_220_1,1,1,1,1,1,0,0,20250901,20260630
1_869_1247_9_221_1,1,1,1,1,1,0,0,20250901,20260630
1_869_1247_9_222_1,1,1,1,1,1,0,0,20250901,20260630
1_869_1247_9_460_1,1,1,1,1,1,0,0,20250901,20260630
1_869_1247_9_461_1,1,1,1,1,1,0,0,20250901,20260630
1_869_1259_9_204_1,1,1,1,1,1,0,0,20250901,20260630
1_869_1259_9_466_1,1,1,1,1,1,0,0,20250901,20260630
1_869_1262_9_206_1,1,1,1,1,1,0,0,20250901,20260630
1_869_1262_9_207_1,1,1,1,1,1,0,0,20250901,20260630
1_869_1265_9_208_1,1,1,1,1,1,0,0,20250901,20260630
1_869_1265_9_209_1,1,1,1,1,1,0,0,20250901,20260630
1_869_1269_9_217_1,1,1,1,1,1,0,0,20250901,20260630
1_869_1272_9_210_1,1,1,1,1,1,0,0,20250901,20260630
1_870_1257_9_220_2,0,0,0,0,0,1,0,20250901,20260630
1_870_1257_9_221_2,0,0,0,0,0,1,0,20250901,20260630
1_870_1257_9_222_2,0,0,0,0,0,1,0,20250901,20260630
1_870_1260_9_204_2,0,0,0,0,0,1,0,20250901,20260630
1_870_1263_9_206_2,0,0,0,0,0,1,0,20250901,20260630
1_870_1270_9_217_2,0,0,0,0,0,1,0,20250901,20260630
1_870_1273_9_210_2,0,0,0,0,0,1,0,20250901,20260630
1_870_1273_9_211_2,0,0,0,0,0,1,0,20250901,20260630
1_871_1258_9_220_3,0,0,0,0,0,0,1,20250901,20260630
1_871_1258_9_221_3,0,0,0,0,0,0,1,20250901,20260630
1_871_1258_9_222_3,0,0,0,0,0,0,1,20250901,20260630
1_871_1261_9_204_3,0,0,0,0,0,0,1,20250901,20260630
1_871_1264_9_206_3,0,0,0,0,0,0,1,20250901,20260630
1_871_1271_9_217_3,0,0,0,0,0,0,1,20250901,20260630
1_871_1504_9_210_3,0,0,0,0,0,0,1,20250901,20260630
1_871_1504_9_211_3,0,0,0,0,0,0,1,20250901,20260630
1_872_1267_9_216_1,1,1,1,1,1,0,0,20250901,20260630
1_872_1505_9_214_1,1,1,1,1,1,0,0,20250901,20260630
1_872_1505_9_215_1,1,1,1,1,1,0,0,20250901,20260630
1_872_1506_9_214_11,0,1,1,1,0,0,0,20250901,20260630
1_872_1506_9_438_11,0,1,1,1,0,0,0,20250901,20260630
1_872_1506_9_467_11,0,1,1,1,0,0,0,20250901,20260630
1_872_1507_9_214_8,1,0,0,0,0,0,0,20250901,20260630
1_872_1507_9_438_8,1,0,0,0,0,0,0,20250901,20260630
1_872_1507_9_467_8,1,0,0,0,0,0,0,20250901,20260630
1_872_1508_9_214_5,0,0,0,0,1,0,0,20250901,20260630
1_872_1508_9_438_5,0,0,0,0,1,0,0,20250901,20260630
1_872_1508_9_467_5,0,0,0,0,1,0,0,20250901,20260630
1_872_1508_9_468_5,0,0,0,0,1,0,0,20250901,20260630
1_873_1268_9_216_2,0,0,0,0,0,1,0,20250901,20260630
1_873_1509_9_214_2,0,0,0,0,0,1,0,20250901,20260630
1_873_1509_9_467_2,0,0,0,0,0,1,0,20250901,20260630
1_873_1509_9_468_2,0,0,0,0,0,1,0,20250901,20260630
1_874_1510_9_214_3,0,0,0,0,0,0,1,20250901,20260630
1_874_1510_9_467_3,0,0,0,0,0,0,1,20250901,20260630
1_874_1510_9_468_3,0,0,0,0,0,0,1,20250901,20260630
1_876_1502_13_299_2,0,0,0,0,0,1,0,20250901,20260630
1_876_1502_13_448_2,0,0,0,0,0,1,0,20250901,20260630
1_877_1503_13_299_3,0,0,0,0,0,0,1,20250901,20260630
1_877_1503_13_448_3,0,0,0,0,0,0,1,20250901,20260630
1_878_1284_6_232_1,1,1,1,1,1,0,0,20250901,20260630
1_878_1287_6_233_1,1,1,1,1,1,0,0,20250901,20260630
1_878_1288_6_236_1,1,1,1,1,1,0,0,20250901,20260630
1_878_1288_6_424_1,1,1,1,1,1,0,0,20250901,20260630
1_878_1288_6_425_1,1,1,1,1,1,0,0,20250901,20260630
1_878_1288_6_426_1,1,1,1,1,1,0,0,20250901,20260630
1_878_1288_6_427_1,1,1,1,1,1,0,0,20250901,20260630
1_878_1288_6_428_1,1,1,1,1,1,0,0,20250901,20260630
1_878_1293_6_234_1,1,1,1,1,1,0,0,20250901,20260630
1_878_1293_6_235_1,1,1,1,1,1,0,0,20250901,20260630
1_878_1293_6_422_1,1,1,1,1,1,0,0,20250901,20260630
1_878_1293_6_423_1,1,1,1,1,1,0,0,20250901,20260630
1_879_1285_6_232_2,0,0,0,0,0,1,0,20250901,20260630
1_879_1289_6_425_2,0,0,0,0,0,1,0,20250901,20260630
1_879_1289_6_427_2,0,0,0,0,0,1,0,20250901,20260630
1_879_1289_6_428_2,0,0,0,0,0,1,0,20250901,20260630
1_879_1294_6_234_2,0,0,0,0,0,1,0,20250901,20260630
1_879_1296_6_233_2,0,0,0,0,0,1,0,20250901,20260630
1_880_1286_6_232_3,0,0,0,0,0,0,1,20250901,20260630
1_880_1290_6_425_3,0,0,0,0,0,0,1,20250901,20260630
1_880_1290_6_427_3,0,0,0,0,0,0,1,20250901,20260630
1_880_1295_6_234_3,0,0,0,0,0,0,1,20250901,20260630
1_881_1291_17_238_1,1,1,1,1,1,0,0,20250901,20260630
1_882_1292_17_238_4,0,0,0,0,0,1,1,20250701,20250831
1_885_1297_13_306_1,1,1,1,1,1,0,0,20250901,20260630
1_885_1299_13_308_1,1,1,1,1,1,0,0,20250901,20260630
1_885_1299_13_311_1,1,1,1,1,1,0,0,20250901,20260630
1_885_1302_13_314_1,1,1,1,1,1,0,0,20250901,20260630
1_887_1301_13_308_3,0,0,0,0,0,0,1,20250901,20260630
1_887_1301_13_309_3,0,0,0,0,0,0,1,20250901,20260630
1_887_1304_13_314_3,0,0,0,0,0,0,1,20250901,20260630
1_888_1512_10_286_1,1,1,1,1,1,0,0,20250901,20260630
1_888_1523_10_441_1,1,1,1,1,1,0,0,20250901,20260630
1_888_1524_10_278_1,1,1,1,1,1,0,0,20250901,20260630
1_888_1524_10_279_1,1,1,1,1,1,0,0,20250901,20260630
1_888_1524_10_282_1,1,1,1,1,1,0,0,20250901,20260630
1_888_1524_10_283_1,1,1,1,1,1,0,0,20250901,20260630
1_888_1524_10_284_1,1,1,1,1,1,0,0,20250901,20260630
1_889_1306_10_286_2,0,0,0,0,0,1,0,20250901,20260630
1_889_1525_10_279_2,0,0,0,0,0,1,0,20250901,20260630
1_889_1525_10_281_2,0,0,0,0,0,1,0,20250901,20260630
1_889_1525_10_282_2,0,0,0,0,0,1,0,20250901,20260630
1_889_1525_10_284_2,0,0,0,0,0,1,0,20250901,20260630
1_890_1307_10_286_12,0,0,0,0,0,0,1,20250901,20260630
1_890_1484_10_286_13,0,0,0,0,0,0,0,20250901,20260630
1_890_1526_10_279_3,0,0,0,0,0,0,1,20250901,20260630
1_890_1526_10_282_3,0,0,0,0,0,0,1,20250901,20260630
1_890_1526_10_284_3,0,0,0,0,0,0,1,20250901,20260630
1_894_1318_9_218_9,1,1,1,1,0,0,0,20250901,20260630
1_894_1318_9_434_9,1,1,1,1,0,0,0,20250901,20260630
1_894_1319_9_218_5,0,0,0,0,1,0,0,20250901,20260630
1_894_1319_9_434_5,0,0,0,0,1,0,0,20250901,20260630
1_894_1322_9_219_9,1,1,1,1,0,0,0,20250901,20260630
1_894_1322_9_429_9,1,1,1,1,0,0,0,20250901,20260630
1_894_1322_9_432_9,1,1,1,1,0,0,0,20250901,20260630
1_894_1323_9_219_5,0,0,0,0,1,0,0,20250901,20260630
1_894_1323_9_429_5,0,0,0,0,1,0,0,20250901,20260630
1_894_1323_9_432_5,0,0,0,0,1,0,0,20250901,20260630
1_895_1320_9_218_2,0,0,0,0,0,1,0,20250901,20260630
1_895_1320_9_434_2,0,0,0,0,0,1,0,20250901,20260630
1_895_1324_9_429_2,0,0,0,0,0,1,0,20250901,20260630
1_895_1324_9_432_2,0,0,0,0,0,1,0,20250901,20260630
1_896_1321_9_434_3,0,0,0,0,0,0,1,20250901,20260630
1_897_1325_10_272_2,0,0,0,0,0,1,0,20250901,20260630
1_897_1325_10_419_2,0,0,0,0,0,1,0,20250901,20260630
1_898_1326_10_272_12,0,0,0,0,0,0,1,20250901,20260630
1_898_1326_10_419_12,0,0,0,0,0,0,1,20250901,20260630
1_898_1483_10_272_13,0,0,0,0,0,0,0,20250901,20260630
1_898_1483_10_419_13,0,0,0,0,0,0,0,20250901,20260630
1_899_1327_10_273_2,0,0,0,0,0,1,0,20250901,20260630
1_900_489_10_273_3,0,0,0,0,0,0,1,20250901,20260630
1_901_420_10_271_4,0,0,0,0,0,1,1,20211018,20260630
1_903_1330_10_287_2,0,0,0,0,0,1,0,20250901,20260630
1_903_1330_10_409_2,0,0,0,0,0,1,0,20250901,20260630
1_903_1487_10_289_2,0,0,0,0,0,1,0,20250901,20260630
1_904_991_10_289_12,0,0,0,0,0,0,1,20250901,20260630
1_904_1331_10_287_3,0,0,0,0,0,0,1,20250901,20260630
1_904_1331_10_409_3,0,0,0,0,0,0,1,20250901,20260630
1_904_1486_10_289_13,0,0,0,0,0,0,0,20250901,20260630
1_905_1333_10_250_1,1,1,1,1,1,0,0,20250915,20260712
1_905_1333_10_251_1,1,1,1,1,1,0,0,20250915,20260712
1_905_1333_10_254_1,1,1,1,1,1,0,0,20250915,20260712
1_905_1333_10_493_1,1,1,1,1,1,0,0,20250915,20260712
1_906_1334_10_251_2,0,0,0,0,0,1,0,20230918,20260712
1_906_1334_10_252_2,0,0,0,0,0,1,0,20230918,20260712
1_906_1334_10_253_2,0,0,0,0,0,1,0,20230918,20260712
1_906_1334_10_255_2,0,0,0,0,0,1,0,20230918,20260712
1_907_1335_10_251_3,0,0,0,0,0,0,1,20230918,20260712
1_907_1335_10_252_3,0,0,0,0,0,0,1,20230918,20260712
1_907_1335_10_253_3,0,0,0,0,0,0,1,20230918,20260712
1_907_1335_10_255_3,0,0,0,0,0,0,1,20230918,20260712
1_910_1349_6_236_1,1,1,1,1,1,0,0,20250701,20250831
1_910_1349_6_424_1,1,1,1,1,1,0,0,20250701,20250831
1_910_1349_6_425_1,1,1,1,1,1,0,0,20250701,20250831
1_910_1349_6_426_1,1,1,1,1,1,0,0,20250701,20250831
1_910_1349_6_427_1,1,1,1,1,1,0,0,20250701,20250831
1_910_1349_6_428_1,1,1,1,1,1,0,0,20250701,20250831
1_910_1352_6_234_1,1,1,1,1,1,0,0,20250701,20250831
1_910_1352_6_235_1,1,1,1,1,1,0,0,20250701,20250831
1_910_1352_6_422_1,1,1,1,1,1,0,0,20250701,20250831
1_910_1352_6_423_1,1,1,1,1,1,0,0,20250701,20250831
1_911_1350_6_425_2,0,0,0,0,0,1,0,20250701,20250831
1_911_1350_6_427_2,0,0,0,0,0,1,0,20250701,20250831
1_911_1350_6_428_2,0,0,0,0,0,1,0,20250701,20250831
1_911_1353_6_234_2,0,0,0,0,0,1,0,20250701,20250831
1_912_1351_6_425_3,0,0,0,0,0,0,1,20250701,20250831
1_912_1351_6_427_3,0,0,0,0,0,0,1,20250701,20250831
1_912_1354_6_234_3,0,0,0,0,0,0,1,20250701,20250831
1_914_346_6_232_2,0,0,0,0,0,1,0,20250701,20250831
1_914_573_6_233_2,0,0,0,0,0,1,0,20250701,20250831
1_915_355_6_232_3,0,0,0,0,0,0,1,20250701,20250831
1_916_358_6_232_1,1,1,1,1,1,0,0,20250801,20250831
1_916_572_6_233_1,1,1,1,1,1,0,0,20250801,20250831
1_922_232_13_300_1,1,1,1,1,1,0,0,20250701,20250831
1_922_378_13_301_1,1,1,1,1,1,0,0,20250701,20250831
1_922_378_13_302_1,1,1,1,1,1,0,0,20250701,20250831
1_922_498_13_446_1,1,1,1,1,1,0,0,20250701,20250831
1_922_1357_13_259_1,1,1,1,1,1,0,0,20250701,20250831
1_922_1357_13_260_1,1,1,1,1,1,0,0,20250701,20250831
1_922_1489_13_299_1,1,1,1,1,1,0,0,20250701,20250831
1_922_1491_13_324_1,1,1,1,1,1,0,0,20250701,20250831
1_923_231_13_302_2,0,0,0,0,0,1,0,20250701,20250831
1_923_1358_13_259_2,0,0,0,0,0,1,0,20250701,20250831
1_923_1358_13_260_2,0,0,0,0,0,1,0,20250701,20250831
1_923_1518_13_299_2,0,0,0,0,0,1,0,20250701,20250831
1_923_1518_13_448_2,0,0,0,0,0,1,0,20250701,20250831
1_924_1359_13_259_3,0,0,0,0,0,0,1,20250701,20250831
1_924_1519_13_299_3,0,0,0,0,0,0,1,20250701,20250831
1_924_1519_13_448_3,0,0,0,0,0,0,1,20250701,20250831
1_926_1492_13_308_1,1,1,1,1,1,0,0,20250801,20250831
1_926_1492_13_311_1,1,1,1,1,1,0,0,20250801,20250831
1_926_1493_13_314_8,1,0,0,0,0,0,0,20250801,20250831
1_926_1494_13_314_10,0,1,1,1,1,0,0,20250801,20250831
1_928_344_13_308_3,0,0,0,0,0,0,1,20250701,20250831
1_928_344_13_309_3,0,0,0,0,0,0,1,20250701,20250831
1_928_505_13_314_3,0,0,0,0,0,0,1,20250701,20250831
1_929_340_13_308_2,0,0,0,0,0,1,0,20250801,20250831
1_929_340_13_311_2,0,0,0,0,0,1,0,20250801,20250831
1_929_501_13_314_2,0,0,0,0,0,1,0,20250801,20250831
1_929_501_13_474_2,0,0,0,0,0,1,0,20250801,20250831
1_930_197_9_208_1,1,1,1,1,1,0,0,20250701,20250831
1_930_1360_9_206_1,1,1,1,1,1,0,0,20250701,20250831
1_930_1360_9_207_1,1,1,1,1,1,0,0,20250701,20250831
1_930_1495_9_210_1,1,1,1,1,1,0,0,20250701,20250831
1_930_1495_9_211_1,1,1,1,1,1,0,0,20250701,20250831
1_931_200_9_210_2,0,0,0,0,0,1,0,20250701,20250831
1_931_200_9_211_2,0,0,0,0,0,1,0,20250701,20250831
1_931_1361_9_206_2,0,0,0,0,0,1,0,20250701,20250831
1_932_223_9_206_3,0,0,0,0,0,0,1,20250701,20250831
1_932_668_9_210_3,0,0,0,0,0,0,1,20250701,20250831
1_932_668_9_211_3,0,0,0,0,0,0,1,20250701,20250831
1_934_1367_9_220_1,1,1,1,1,1,0,0,20250801,20250831
1_934_1367_9_460_1,1,1,1,1,1,0,0,20250801,20250831
1_934_1367_9_461_1,1,1,1,1,1,0,0,20250801,20250831
1_935_1368_9_220_2,0,0,0,0,0,1,0,20250701,20250831
1_935_1368_9_221_2,0,0,0,0,0,1,0,20250701,20250831
1_936_1369_9_220_3,0,0,0,0,0,0,1,20250701,20250831
1_937_1370_9_212_9,1,1,1,1,0,0,0,20250701,20250831
1_937_1370_9_213_9,1,1,1,1,0,0,0,20250701,20250831
1_937_1371_9_212_5,0,0,0,0,1,0,0,20250701,20250831
1_937_1371_9_213_5,0,0,0,0,1,0,0,20250701,20250831
1_938_1373_9_212_2,0,0,0,0,0,1,0,20250701,20250831
1_939_1374_9_212_3,0,0,0,0,0,0,1,20250701,20250831
1_940_363_9_216_1,1,1,1,1,1,0,0,20250701,20250831
1_940_368_9_217_1,1,1,1,1,1,0,0,20250701,20250831
1_940_599_9_438_1,1,1,1,1,1,0,0,20250701,20250831
1_940_746_9_215_1,1,1,1,1,1,0,0,20250701,20250831
1_940_1375_9_214_10,0,1,1,1,1,0,0,20250701,20250831
1_940_1375_9_467_10,0,1,1,1,1,0,0,20250701,20250831
1_940_1376_9_214_8,1,0,0,0,0,0,0,20250701,20250831
1_940_1376_9_467_8,1,0,0,0,0,0,0,20250701,20250831
1_941_364_9_216_2,0,0,0,0,0,1,0,20250701,20250831
1_941_369_9_217_2,0,0,0,0,0,1,0,20250701,20250831
1_941_1377_9_467_2,0,0,0,0,0,1,0,20250701,20250831
1_941_1380_9_214_2,0,0,0,0,0,1,0,20250701,20250831
1_942_1378_9_467_3,0,0,0,0,0,0,1,20250701,20250831
1_942_1381_9_214_3,0,0,0,0,0,0,1,20250701,20250831
1_943_1382_9_218_9,1,1,1,1,0,0,0,20250701,20250831
1_943_1382_9_434_9,1,1,1,1,0,0,0,20250701,20250831
1_943_1383_9_218_5,0,0,0,0,1,0,0,20250701,20250831
1_943_1383_9_434_5,0,0,0,0,1,0,0,20250701,20250831
1_943_1386_9_219_9,1,1,1,1,0,0,0,20250701,20250831
1_943_1386_9_429_9,1,1,1,1,0,0,0,20250701,20250831
1_943_1386_9_432_9,1,1,1,1,0,0,0,20250701,20250831
1_943_1387_9_219_5,0,0,0,0,1,0,0,20250701,20250831
1_943_1387_9_429_5,0,0,0,0,1,0,0,20250701,20250831
1_943_1387_9_432_5,0,0,0,0,1,0,0,20250701,20250831
1_944_1384_9_434_2,0,0,0,0,0,1,0,20250701,20250831
1_944_1388_9_432_2,0,0,0,0,0,1,0,20250701,20250831
1_945_1385_9_434_3,0,0,0,0,0,0,1,20250701,20250831
1_949_733_24_240_1,1,1,1,1,1,0,0,20250701,20250831
1_949_733_24_241_1,1,1,1,1,1,0,0,20250701,20250831
1_949_735_24_242_1,1,1,1,1,1,0,0,20250701,20250831
1_949_738_24_244_1,1,1,1,1,1,0,0,20250701,20250831
1_949_738_24_245_1,1,1,1,1,1,0,0,20250701,20250831
1_949_743_24_243_1,1,1,1,1,1,0,0,20250701,20250831
1_949_743_24_416_1,1,1,1,1,1,0,0,20250701,20250831
1_949_1393_24_247_1,1,1,1,1,1,0,0,20250701,20250831
1_949_1393_24_417_1,1,1,1,1,1,0,0,20250701,20250831
1_949_1393_24_500_1,1,1,1,1,1,0,0,20250701,20250831
1_950_736_24_242_4,0,0,0,0,0,1,1,20250701,20250831
1_950_739_24_245_4,0,0,0,0,0,1,1,20250701,20250831
1_950_744_24_243_4,0,0,0,0,0,1,1,20250701,20250831
1_950_1392_24_240_4,0,0,0,0,0,1,1,20250701,20250831
1_950_1392_24_241_4,0,0,0,0,0,1,1,20250701,20250831
1_952_742_24_247_3,0,0,0,0,0,0,1,20250701,20250831
1_953_511_10_259_1,1,1,1,1,1,0,0,20250701,20250831
1_953_511_10_260_1,1,1,1,1,1,0,0,20250701,20250831
1_954_151_10_259_2,0,0,0,0,0,1,0,20250701,20250831
1_954_151_10_260_2,0,0,0,0,0,1,0,20250701,20250831
1_955_152_10_259_3,0,0,0,0,0,0,1,20250701,20250831
1_956_1217_10_291_1,1,1,1,1,1,0,0,20250801,20250831
1_956_1218_10_290_1,1,1,1,1,1,0,0,20250801,20250831
1_960_518_10_277_1,1,1,1,1,1,0,0,20250701,20250831
1_961_519_10_277_2,0,0,0,0,0,1,0,20250701,20250831
1_962_520_10_277_3,0,0,0,0,0,0,1,20250701,20250831
1_966_261_10_286_1,1,1,1,1,1,0,0,20250801,20250831
1_967_262_10_286_2,0,0,0,0,0,1,0,20250801,20250831
1_968_263_10_286_3,0,0,0,0,0,0,1,20250801,20250831
1_970_1396_10_263_10,0,1,1,1,1,0,0,20250801,20250831
1_970_1396_10_442_10,0,1,1,1,1,0,0,20250801,20250831
1_970_1397_10_263_8,1,0,0,0,0,0,0,20250801,20250831
1_970_1397_10_442_8,1,0,0,0,0,0,0,20250801,20250831
1_971_160_10_263_2,0,0,0,0,0,1,0,20250701,20250831
1_972_191_10_263_3,0,0,0,0,0,0,1,20250701,20250831
1_973_1399_10_267_1,1,1,1,1,1,0,0,20250701,20250831
1_975_1401_10_441_1,1,1,1,1,1,0,0,20250801,20250831
1_977_1403_10_287_8,1,0,0,0,0,0,0,20250801,20250831
1_977_1403_10_288_8,1,0,0,0,0,0,0,20250801,20250831
1_977_1403_10_409_8,1,0,0,0,0,0,0,20250801,20250831
1_977_1405_10_287_10,0,1,1,1,1,0,0,20250801,20250831
1_977_1405_10_288_10,0,1,1,1,1,0,0,20250801,20250831
1_977_1407_10_289_8,1,0,0,0,0,0,0,20250801,20250831
1_977_1408_10_289_10,0,1,1,1,1,0,0,20250801,20250831
1_978_1409_10_250_1,1,1,1,1,1,0,0,20250714,20250914
1_978_1409_10_251_1,1,1,1,1,1,0,0,20250714,20250914
1_978_1409_10_254_1,1,1,1,1,1,0,0,20250714,20250914
1_979_1410_10_289_2,0,0,0,0,0,1,0,20250701,20250831
1_980_1411_10_289_3,0,0,0,0,0,0,1,20250701,20250831
1_981_1461_13_259_1,1,1,1,1,1,0,0,20250901,20260630
1_981_1461_13_260_1,1,1,1,1,1,0,0,20250901,20260630
1_981_1461_13_298_1,1,1,1,1,1,0,0,20250901,20260630
1_981_1497_13_446_1,1,1,1,1,1,0,0,20250901,20260630
1_981_1499_13_301_1,1,1,1,1,1,0,0,20250901,20260630
1_981_1499_13_302_1,1,1,1,1,1,0,0,20250901,20260630
1_982_1283_13_303_1,1,1,1,1,1,0,0,20250901,20260630
1_982_1513_13_299_1,1,1,1,1,1,0,0,20250901,20260630
1_982_1513_13_324_1,1,1,1,1,1,0,0,20250901,20260630
1_984_1500_13_308_2,0,0,0,0,0,1,0,20250901,20260630
1_984_1500_13_311_2,0,0,0,0,0,1,0,20250901,20260630
1_984_1501_13_314_2,0,0,0,0,0,1,0,20250901,20260630
1_984_1501_13_474_2,0,0,0,0,0,1,0,20250901,20260630
1_985_989_10_289_10,0,1,1,1,1,0,0,20250901,20260630
1_985_1053_10_289_8,1,0,0,0,0,0,0,20250901,20260630
1_985_1420_10_287_10,0,1,1,1,1,0,0,20250901,20260630
1_985_1420_10_288_10,0,1,1,1,1,0,0,20250901,20260630
1_985_1421_10_287_8,1,0,0,0,0,0,0,20250901,20260630
1_985_1421_10_288_8,1,0,0,0,0,0,0,20250901,20260630
1_985_1421_10_409_8,1,0,0,0,0,0,0,20250901,20260630
1_987_1424_10_496_9,1,1,1,1,0,0,0,20230401,20260630
1_987_1426_10_496_5,0,0,0,0,1,0,0,20230401,20260630
1_987_1428_10_504_9,1,1,1,1,0,0,0,20230401,20260630
1_987_1429_10_504_5,0,0,0,0,1,0,0,20230401,20260630
1_988_1432_10_542_9,1,1,1,1,0,0,0,20230515,20260630
1_988_1433_10_542_5,0,0,0,0,1,0,0,20230515,20260630
1_989_1434_10_542_2,0,0,0,0,0,1,0,20230515,20260630
1_990_1435_10_542_12,0,0,0,0,0,0,1,20230515,20260630
1_990_1482_10_542_13,0,0,0,0,0,0,0,20230515,20260630
1_991_1436_9_223_1,1,1,1,1,1,0,0,20250915,20260630
1_991_1436_9_224_1,1,1,1,1,1,0,0,20250915,20260630
1_992_1437_9_223_2,0,0,0,0,0,1,0,20250915,20260630
1_993_1438_9_223_3,0,0,0,0,0,0,1,20250915,20260630
1_994_1439_9_223_1,1,1,1,1,1,0,0,20250701,20250914
1_994_1439_9_224_1,1,1,1,1,1,0,0,20250701,20250914
1_995_1440_9_223_4,0,0,0,0,0,1,1,20250701,20250914
1_998_1442_10_294_1,1,1,1,1,1,0,0,20250801,20250831
1_998_1442_10_295_1,1,1,1,1,1,0,0,20250801,20250831
1_999_1445_10_295_3,0,0,0,0,0,0,1,20250701,20250831
1_1005_1444_10_295_2,0,0,0,0,0,1,0,20250801,20250831
1_1006_1454_10_294_9,1,1,1,1,0,0,0,20250901,20260630
1_1006_1454_10_295_9,1,1,1,1,0,0,0,20250901,20260630
1_1006_1455_10_294_5,0,0,0,0,1,0,0,20250901,20260630
1_1006_1455_10_295_5,0,0,0,0,1,0,0,20250901,20260630
1_1007_1456_10_295_2,0,0,0,0,0,1,0,20250901,20260630
1_1008_1457_10_295_12,0,0,0,0,0,0,1,20250901,20260630
1_1008_1479_10_295_13,0,0,0,0,0,0,0,20250901,20260630
1_1009_1049_10_248_1,1,1,1,1,1,0,0,20230901,20260630
1_1011_1425_10_496_2,0,0,0,0,0,1,0,20230901,20260630
1_1011_1430_10_504_2,0,0,0,0,0,1,0,20230901,20260630
1_1012_1427_10_496_12,0,0,0,0,0,0,1,20230901,20260630
1_1012_1431_10_504_12,0,0,0,0,0,0,1,20230901,20260630
1_1012_1480_10_496_13,0,0,0,0,0,0,0,20230901,20260630
1_1012_1481_10_504_13,0,0,0,0,0,0,0,20230901,20260630
1_1014_1496_17_238_1,1,1,1,1,1,0,0,20250701,20250831
1_1015_1449_10_274_1,1,1,1,1,1,0,0,20240901,20250831
1_1015_1449_10_275_1,1,1,1,1,1,0,0,20240901,20250831
1_1015_1449_10_421_1,1,1,1,1,1,0,0,20240901,20250831
1_1016_1450_10_274_2,0,0,0,0,0,1,0,20240901,20250831
1_1016_1450_10_275_2,0,0,0,0,0,1,0,20240901,20250831
1_1017_1451_10_275_3,0,0,0,0,0,0,1,20240901,20250831
1_1018_1292_17_238_4,0,0,0,0,0,1,1,20250901,20260630
1_1020_1511_10_274_1,1,1,1,1,1,0,0,20250901,20260630
1_1020_1511_10_275_1,1,1,1,1,1,0,0,20250901,20260630
1_1020_1511_10_421_1,1,1,1,1,1,0,0,20250901,20260630
1_1021_1521_10_274_2,0,0,0,0,0,1,0,20250901,20260630
1_1021_1521_10_275_2,0,0,0,0,0,1,0,20250901,20260630
1_1022_1522_10_275_3,0,0,0,0,0,0,1,20250901,20260630
2_1083_1840_6_26_2,0,0,0,0,0,1,1,20210601,20251231
2_1083_2212_6_26_1,1,1,1,1,1,0,0,20210601,20251231
2_1086_20_8_5_2,0,0,0,0,0,1,1,20210605,20251231
2_1170_2420_8_28_1,1,1,1,1,1,0,0,20211129,20251231
2_1274_2638_8_239_1,1,1,1,1,1,0,0,20220922,20251231
2_1306_2737_8_155_7,1,1,1,1,1,1,1,20230616,20251231
2_1354_2859_13_274_1,1,1,1,1,1,0,0,20231116,20251231
2_1354_2860_13_274_2,0,0,0,0,0,1,1,20231116,20251231
2_1362_2873_13_158_1,1,1,1,1,1,0,0,20240108,20251231
2_1362_2874_13_158_2,0,0,0,0,0,1,1,20240108,20251231
2_1380_2901_8_46_1,1,1,1,1,1,0,0,20240311,20251231
2_1406_2955_13_214_1,1,1,1,1,1,0,0,20240518,20251231
2_1406_2956_13_214_5,0,0,0,0,0,1,0,20240518,20251231
2_1406_2957_13_214_4,0,0,0,0,0,0,1,20240518,20251231
2_1408_2959_6_7_1,1,1,1,1,1,0,0,20240506,20251231
2_1408_2960_6_7_5,0,0,0,0,0,1,0,20240506,20251231
2_1408_2961_6_7_4,0,0,0,0,0,0,1,20240506,20251231
2_1417_1852_8_13_2,0,0,0,0,0,1,1,20240620,20251231
2_1417_1858_8_177_1,1,1,1,1,1,0,0,20240620,20251231
2_1417_1859_8_16_1,1,1,1,1,1,0,0,20240620,20251231
2_1417_1860_8_16_2,0,0,0,0,0,1,1,20240620,20251231
2_1417_1861_8_18_1,1,1,1,1,1,0,0,20240620,20251231
2_1417_1863_8_17_1,1,1,1,1,1,0,0,20240620,20251231
2_1417_1887_8_21_1,1,1,1,1,1,0,0,20240620,20251231
2_1417_1888_8_19_2,0,0,0,0,0,1,1,20240620,20251231
2_1417_2221_8_13_1,1,1,1,1,1,0,0,20240620,20251231
2_1417_2223_8_19_1,1,1,1,1,1,0,0,20240620,20251231
2_1417_2236_8_36_2,0,0,0,0,0,1,1,20240620,20251231
2_1417_2481_8_36_1,1,1,1,1,1,0,0,20240620,20251231
2_1417_2498_8_12_1,1,1,1,1,1,0,0,20240620,20251231
2_1417_2736_8_14_1,1,1,1,1,1,0,0,20240620,20251231
2_1417_3000_8_44_1,1,1,1,1,1,0,0,20240620,20251231
2_1447_3049_8_20_1,1,1,1,1,1,0,0,20241007,20251231
2_1449_2999_8_43_2,0,0,0,0,0,1,1,20241007,20251231
2_1449_3051_8_43_1,1,1,1,1,1,0,0,20241007,20251231
2_1459_3062_8_41_1,1,1,1,1,1,0,0,20250107,20251231
2_1462_3061_8_48_1,1,1,1,1,1,0,0,20250107,20251231
2_1465_2492_8_6_1,1,1,1,1,1,0,0,20250107,20251231
2_1465_3069_8_6_5,0,0,0,0,0,1,0,20250107,20251231
2_1465_3070_8_6_4,0,0,0,0,0,0,1,20250107,20251231
2_1467_3066_8_11_1,1,1,1,1,1,0,0,20250107,20251231
2_1487_2754_8_3_8,1,1,1,1,0,0,0,20250620,20250921
2_1487_2755_8_2_8,1,1,1,1,0,0,0,20250620,20250921
2_1487_2756_8_2_10,0,0,0,0,1,0,0,20250620,20250921
2_1487_2757_8_3_10,0,0,0,0,1,0,0,20250620,20250921
2_1487_2758_8_2_5,0,0,0,0,0,1,0,20250620,20250921
2_1487_2759_8_3_5,0,0,0,0,0,1,0,20250620,20250921
2_1487_2760_8_2_4,0,0,0,0,0,0,1,20250620,20250921
2_1487_2761_8_3_4,0,0,0,0,0,0,1,20250620,20250921
2_1488_2746_5_2_8,1,1,1,1,0,0,0,20250620,20250921
2_1488_2747_5_3_8,1,1,1,1,0,0,0,20250620,20250921
2_1488_2748_5_2_10,0,0,0,0,1,0,0,20250620,20250921
2_1488_2749_5_3_10,0,0,0,0,1,0,0,20250620,20250921
2_1488_2750_5_2_5,0,0,0,0,0,1,0,20250620,20250921
2_1488_2751_5_3_5,0,0,0,0,0,1,0,20250620,20250921
2_1488_2752_5_2_4,0,0,0,0,0,0,1,20250620,20250921
2_1488_2753_5_3_4,0,0,0,0,0,0,1,20250620,20250921
2_1489_2969_8_32_1,1,1,1,1,1,0,0,20250621,20250831
2_1489_2970_8_32_2,0,0,0,0,0,1,1,20250621,20250831
2_1489_2971_8_39_7,1,1,1,1,1,1,1,20250621,20250831
2_1489_2973_8_157_7,1,1,1,1,1,1,1,20250621,20250831
2_1489_2974_8_156_1,1,1,1,1,1,0,0,20250621,20250831
2_1489_3097_8_234_1,1,1,1,1,1,0,0,20250621,20250831
2_1489_3098_8_234_2,0,0,0,0,0,1,1,20250621,20250831
2_1489_3099_8_235_1,1,1,1,1,1,0,0,20250621,20250831
2_1489_3100_8_235_2,0,0,0,0,0,1,1,20250621,20250831
2_1489_3101_8_236_1,1,1,1,1,1,0,0,20250621,20250831
2_1489_3102_8_236_2,0,0,0,0,0,1,1,20250621,20250831
2_1489_3103_8_237_1,1,1,1,1,1,0,0,20250621,20250831
2_1489_3104_8_237_2,0,0,0,0,0,1,1,20250621,20250831
2_1490_3077_8_38_1,1,1,1,1,1,0,0,20250203,20251231
2_1493_2965_28_15_2,0,0,0,0,0,1,1,20250623,20250930
2_1493_2966_28_22_1,1,1,1,1,1,0,0,20250623,20250930
2_1493_2967_28_22_2,0,0,0,0,0,1,1,20250623,20250930
2_1493_2968_28_15_1,1,1,1,1,1,0,0,20250623,20250930
2_1494_3107_27_172_7,1,1,1,1,1,1,1,20250625,20270930
2_1494_3109_27_173_1,1,1,1,1,1,0,0,20250625,20270930
2_1494_3110_27_173_2,0,0,0,0,0,1,1,20250625,20270930
2_1494_3111_27_211_7,1,1,1,1,1,1,1,20250625,20270930
2_1494_3112_27_166_1,1,1,1,1,1,0,0,20250625,20270930
2_1494_3113_27_166_2,0,0,0,0,0,1,1,20250625,20270930
2_1494_3114_27_167_1,1,1,1,1,1,0,0,20250625,20270930
2_1494_3115_27_167_2,0,0,0,0,0,1,1,20250625,20270930
2_1495_2770_24_49_1,1,1,1,1,1,0,0,20250701,20250831
2_1495_2771_24_49_2,0,0,0,0,0,1,1,20250701,20250831
2_1495_2773_24_50_2,0,0,0,0,0,1,1,20250701,20250831
2_1495_2776_24_175_2,0,0,0,0,0,1,1,20250701,20250831
2_1495_2777_24_54_1,1,1,1,1,1,0,0,20250701,20250831
2_1495_2786_24_163_1,1,1,1,1,1,0,0,20250701,20250831
2_1495_2787_24_163_2,0,0,0,0,0,1,1,20250701,20250831
2_1495_2788_24_164_1,1,1,1,1,1,0,0,20250701,20250831
2_1495_2789_24_164_2,0,0,0,0,0,1,1,20250701,20250831
2_1495_3004_24_225_1,1,1,1,1,1,0,0,20250701,20250831
2_1495_3118_24_50_1,1,1,1,1,1,0,0,20250701,20250831
2_1495_3119_24_51_1,1,1,1,1,1,0,0,20250701,20250831
2_1495_3120_24_175_1,1,1,1,1,1,0,0,20250701,20250831
2_1495_3121_24_219_1,1,1,1,1,1,0,0,20250701,20250831
2_1495_3122_24_230_1,1,1,1,1,1,0,0,20250701,20250831
2_1495_3123_24_230_2,0,0,0,0,0,1,1,20250701,20250831
2_1495_3126_24_231_1,1,1,1,1,1,0,0,20250701,20250831
2_1495_3127_24_231_2,0,0,0,0,0,1,1,20250701,20250831
2_1495_3129_24_165_1,1,1,1,1,1,0,0,20250701,20250831
2_1496_3105_8_219_1,1,1,1,1,1,0,0,20250701,20250831
2_1498_3067_8_9_5,0,0,0,0,0,1,0,20250701,20250831
2_1498_3068_8_9_4,0,0,0,0,0,0,1,20250701,20250831
2_1498_3131_8_9_1,1,1,1,1,1,0,0,20250701,20250831
2_1499_3132_8_4_1,1,1,1,1,1,0,0,20250728,20250831
2_1499_3133_8_4_5,0,0,0,0,0,1,0,20250728,20250831
2_1499_3134_8_4_4,0,0,0,0,0,0,1,20250728,20250831
2_1501_3117_27_169_2,0,0,0,0,0,1,1,20250714,20250930
2_1501_3135_27_169_1,1,1,1,1,1,0,0,20250714,20250930
2_1502_2040_24_165_1,1,1,1,1,1,0,0,20250901,20251231
2_1502_2228_24_49_1,1,1,1,1,1,0,0,20250901,20251231
2_1502_2230_24_49_2,0,0,0,0,0,1,1,20250901,20251231
2_1502_2247_24_163_1,1,1,1,1,1,0,0,20250901,20251231
2_1502_2249_24_164_1,1,1,1,1,1,0,0,20250901,20251231
2_1502_2251_24_164_2,0,0,0,0,0,1,1,20250901,20251231
2_1502_2610_24_231_1,1,1,1,1,1,0,0,20250901,20251231
2_1502_2611_24_231_2,0,0,0,0,0,1,1,20250901,20251231
2_1502_2729_24_54_1,1,1,1,1,1,0,0,20250901,20251231
2_1502_2813_24_163_5,0,0,0,0,0,1,0,20250901,20251231
2_1502_2815_24_163_4,0,0,0,0,0,0,1,20250901,20251231
2_1502_3027_24_51_1,1,1,1,1,1,0,0,20250901,20251231
2_1502_3031_24_230_1,1,1,1,1,1,0,0,20250901,20251231
2_1502_3032_24_230_2,0,0,0,0,0,1,1,20250901,20251231
2_1502_3043_24_50_1,1,1,1,1,1,0,0,20250901,20251231
2_1502_3044_24_50_2,0,0,0,0,0,1,1,20250901,20251231
2_1502_3045_24_175_1,1,1,1,1,1,0,0,20250901,20251231
2_1502_3046_24_175_2,0,0,0,0,0,1,1,20250901,20251231
2_1502_3048_24_225_1,1,1,1,1,1,0,0,20250901,20251231
2_1502_3106_24_219_1,1,1,1,1,1,0,0,20250901,20251231
2_1503_1949_8_219_1,1,1,1,1,1,0,0,20250901,20251231
2_1503_2593_8_4_5,0,0,0,0,0,1,0,20250901,20251231
2_1503_2604_8_4_4,0,0,0,0,0,0,1,20250901,20251231
2_1503_3014_8_156_1,1,1,1,1,1,0,0,20250901,20251231
2_1503_3055_8_9_1,1,1,1,1,1,0,0,20250901,20251231
2_1503_3057_8_10_1,1,1,1,1,1,0,0,20250901,20251231
2_1503_3067_8_9_5,0,0,0,0,0,1,0,20250901,20251231
2_1503_3068_8_9_4,0,0,0,0,0,0,1,20250901,20251231
2_1503_3084_8_4_1,1,1,1,1,1,0,0,20250901,20251231
2_1503_3136_8_234_1,1,1,1,1,1,0,0,20250901,20251231
2_1503_3137_8_234_2,0,0,0,0,0,1,1,20250901,20251231
2_1503_3138_8_235_1,1,1,1,1,1,0,0,20250901,20251231
2_1503_3139_8_235_2,0,0,0,0,0,1,1,20250901,20251231
2_1503_3140_8_236_1,1,1,1,1,1,0,0,20250901,20251231
2_1503_3141_8_236_2,0,0,0,0,0,1,1,20250901,20251231
2_1503_3142_8_237_1,1,1,1,1,1,0,0,20250901,20251231
2_1504_3144_8_32_1,1,1,1,1,1,0,0,20250901,20250914
2_1504_3145_8_39_1,1,1,1,1,1,0,0,20250901,20250914
2_1504_3146_8_39_5,0,0,0,0,0,1,0,20250901,20250914
2_1504_3147_8_39_4,0,0,0,0,0,0,1,20250901,20250914
2_1505_3143_8_32_1,1,1,1,1,1,0,0,20250915,20251231
2_1505_3148_8_39_1,1,1,1,1,1,0,0,20250915,20251231
2_1505_3149_8_39_2,0,0,0,0,0,1,1,20250915,20251231
3_672_1488_29_963_9,1,1,1,1,1,0,0,20250611,20300731
3_681_1509_29_968_12,1,1,1,1,1,1,0,20200701,20300101
3_905_1993_41_993_17,0,0,0,0,0,1,0,20210913,20300101
3_915_2010_29_701_9,1,1,1,1,1,0,0,20210915,20300101
3_915_2012_29_701_10,0,0,0,0,0,1,0,20210915,20300101
3_917_2016_29_877_9,1,1,1,1,1,0,0,20210915,20300101
3_917_2017_29_877_10,0,0,0,0,0,1,0,20210915,20300101
3_918_2018_29_925_9,1,1,1,1,1,0,0,20210915,20300101
3_918_2020_29_925_11,0,0,0,0,0,0,1,20210915,20300101
3_918_2021_29_925_10,0,0,0,0,0,1,0,20210915,20300101
3_945_2071_29_840_9,1,1,1,1,1,0,0,20230911,20300101
3_948_2074_29_844_9,1,1,1,1,1,0,0,20211004,20300101
3_954_1998_22_1069_11,0,0,0,0,0,0,1,20211013,20300101
3_954_2089_22_1069_10,0,0,0,0,0,1,0,20211013,20300101
3_961_2009_28_1056_9,1,1,1,1,1,0,0,20211013,20300101
3_961_2102_28_1056_10,0,0,0,0,0,1,0,20211013,20300101
3_961_2103_28_1056_11,0,0,0,0,0,0,1,20211013,20300101
3_965_1619_29_868_11,0,0,0,0,0,0,1,20211016,20300101
3_965_1659_29_868_9,1,1,1,1,1,0,0,20211016,20300101
3_965_2113_29_868_10,0,0,0,0,0,1,0,20211016,20300101
3_969_2120_33_876_9,1,1,1,1,1,0,0,20211013,20300101
3_974_2131_29_1079_17,0,0,0,0,0,1,0,20220101,20300101
3_976_2137_29_1095_9,1,1,1,1,1,0,0,20220101,20300101
3_979_2143_29_1035_9,1,1,1,1,1,0,0,20220101,20300101
3_1061_2275_28_1100_9,1,1,1,1,1,0,0,20230101,20300101
3_1061_2276_28_1100_10,0,0,0,0,0,1,0,20230101,20300101
3_1061_2277_28_1100_11,0,0,0,0,0,0,1,20230101,20300101
3_1068_2288_28_1080_10,0,0,0,0,0,1,0,20230318,20300101
3_1068_2289_28_1080_11,0,0,0,0,0,0,1,20230318,20300101
3_1068_2290_28_1080_9,1,1,1,1,1,0,0,20230318,20300101
3_1099_1577_19_727_12,1,1,1,1,1,1,0,20230701,20300101
3_1099_2327_19_727_11,0,0,0,0,0,0,1,20230701,20300101
3_1105_2330_22_639_9,1,1,1,1,1,0,0,20230801,20300101
3_1107_1823_29_1071_9,1,1,1,1,1,0,0,20230901,20300101
3_1133_2357_22_806_9,1,1,1,1,1,0,0,20231023,20300101
3_1134_2358_22_653_9,1,1,1,1,1,0,0,20231023,20300101
3_1135_2359_29_1029_9,1,1,1,1,1,0,0,20231019,20300101
3_1135_2360_29_1029_10,0,0,0,0,0,1,0,20231019,20300101
3_1135_2361_29_1029_11,0,0,0,0,0,0,1,20231019,20300101
3_1141_2374_29_644_9,1,1,1,1,1,0,0,20240103,20300101
3_1142_2375_29_1106_9,1,1,1,1,1,0,0,20240103,20300101
3_1143_2376_41_1096_16,1,1,1,1,0,0,0,20240102,20300101
3_1143_2377_41_1096_21,0,0,0,0,1,1,0,20240102,20300101
3_1144_2378_41_1097_16,1,1,1,1,0,0,0,20240102,20300101
3_1144_2379_41_1097_21,0,0,0,0,1,1,0,20240102,20300101
3_1149_2392_29_953_21,0,0,0,0,1,1,0,20240315,20300101
3_1151_2396_35_1036_9,1,1,1,1,1,0,0,20240318,20300101
3_1151_2397_35_1036_10,0,0,0,0,0,1,0,20240318,20300101
3_1157_2106_34_703_9,1,1,1,1,1,0,0,20240501,20300101
3_1157_2408_34_703_10,0,0,0,0,0,1,0,20240501,20300101
3_1157_2409_34_703_11,0,0,0,0,0,0,1,20240501,20300101
3_1159_1142_40_944_18,1,1,1,1,1,1,1,20240501,20260131
3_1163_2324_29_971_9,1,1,1,1,1,0,0,20250701,20250831
3_1163_2325_29_971_10,0,0,0,0,0,1,0,20250701,20250831
3_1163_2326_29_971_11,0,0,0,0,0,0,1,20250701,20250831
3_1166_2436_38_1111_10,0,0,0,0,0,1,0,20240701,20300101
3_1166_2438_38_1111_9,1,1,1,1,1,0,0,20240701,20300101
3_1180_1987_41_990_10,0,0,0,0,0,1,0,20250701,20250831
3_1180_2320_41_990_9,1,1,1,1,1,0,0,20250701,20250831
3_1180_2321_41_990_11,0,0,0,0,0,0,1,20250701,20250831
3_1186_2496_29_1027_9,1,1,1,1,1,0,0,20240701,20300101
3_1186_2497_29_1027_10,0,0,0,0,0,1,0,20240701,20300101
3_1207_2178_28_932_11,0,0,0,0,0,0,1,20240902,20300101
3_1207_2179_28_932_10,0,0,0,0,0,1,0,20240902,20300101
3_1207_2356_28_932_9,1,1,1,1,1,0,0,20240902,20300101
3_1225_2477_33_875_17,0,0,0,0,0,1,0,20240925,20300101
3_1225_2478_33_875_9,1,1,1,1,1,0,0,20240925,20300101
3_1230_2480_29_958_11,0,0,0,0,0,0,1,20241125,20300101
3_1230_2494_29_958_12,1,1,1,1,1,1,0,20241125,20300101
3_1236_2502_29_710_9,1,1,1,1,1,0,0,20250217,20300101
3_1236_2503_29_710_10,0,0,0,0,0,1,0,20250217,20300101
3_1239_2072_29_841_12,1,1,1,1,1,1,0,20250301,20300101
3_1244_2514_28_909_12,1,1,1,1,1,1,0,20250503,20300331
3_1253_2531_29_1116_18,1,1,1,1,1,1,1,20250521,20300630
3_1254_2532_29_1117_9,1,1,1,1,1,0,0,20250522,20300630
3_1257_2541_25_1102_9,1,1,1,1,1,0,0,20250616,20311031
3_1258_2126_25_1032_10,0,0,0,0,0,1,0,20250616,20300630
3_1258_2127_25_1032_11,0,0,0,0,0,0,1,20250616,20300630
3_1258_2538_25_1032_9,1,1,1,1,1,0,0,20250616,20300630
3_1260_2045_41_986_10,0,0,0,0,0,1,0,20250701,20250831
3_1260_2047_41_986_11,0,0,0,0,0,0,1,20250701,20250831
3_1260_2309_41_986_9,1,1,1,1,1,0,0,20250701,20250831
3_1261_2550_29_1113_9,1,1,1,1,1,0,0,20250701,20250831
3_1261_2551_29_1113_10,0,0,0,0,0,1,0,20250701,20250831
3_1261_2552_29_1113_11,0,0,0,0,0,0,1,20250701,20250831
3_1262_2553_29_1105_18,1,1,1,1,1,1,1,20250701,20250831
3_1263_2555_29_1114_12,1,1,1,1,1,1,0,20250701,20250831
3_1263_2556_29_1114_11,0,0,0,0,0,0,1,20250701,20250831
3_1264_2557_29_1042_18,1,1,1,1,1,1,1,20250701,20250831
3_1265_2558_29_1115_9,1,1,1,1,1,0,0,20250701,20250831
3_1265_2559_29_1115_10,0,0,0,0,0,1,0,20250701,20250831
3_1265_2560_29_1115_11,0,0,0,0,0,0,1,20250701,20250831
3_1266_2561_29_1050_9,1,1,1,1,1,0,0,20250701,20250831
3_1267_2417_41_1047_10,0,0,0,0,0,1,0,20250701,20250831
3_1267_2418_41_1047_11,0,0,0,0,0,0,1,20250701,20250831
3_1267_2419_41_1047_9,1,1,1,1,1,0,0,20250701,20250831
3_1268_2238_41_987_11,0,0,0,0,0,0,1,20250701,20250831
3_1268_2240_41_987_10,0,0,0,0,0,1,0,20250701,20250831
3_1268_2311_41_987_9,1,1,1,1,1,0,0,20250701,20250831
3_1269_2426_41_988_9,1,1,1,1,1,0,0,20250701,20250831
3_1270_2222_41_989_11,0,0,0,0,0,0,1,20250701,20250831
3_1270_2315_41_989_9,1,1,1,1,1,0,0,20250701,20250831
3_1270_2427_41_989_10,0,0,0,0,0,1,0,20250701,20250831
3_1271_2429_41_995_9,1,1,1,1,1,0,0,20250701,20250831
3_1272_2428_41_996_9,1,1,1,1,1,0,0,20250701,20250831
3_1273_1990_41_997_10,0,0,0,0,0,1,0,20250701,20250831
3_1273_2319_41_997_9,1,1,1,1,1,0,0,20250701,20250831
3_1274_2056_41_991_10,0,0,0,0,0,1,0,20250701,20250831
3_1274_2057_41_991_11,0,0,0,0,0,0,1,20250701,20250831
3_1274_2322_41_991_9,1,1,1,1,1,0,0,20250701,20250831
3_1275_2323_41_992_9,1,1,1,1,1,0,0,20250701,20250831
3_1275_2431_41_992_11,0,0,0,0,0,0,1,20250701,20250831
3_1275_2432_41_992_10,0,0,0,0,0,1,0,20250701,20250831
3_1276_1864_29_867_11,0,0,0,0,0,0,1,20250701,20250831
3_1276_2112_29_867_10,0,0,0,0,0,1,0,20250701,20250831
3_1276_2300_29_867_9,1,1,1,1,1,0,0,20250701,20250831
3_1277_2562_29_1048_9,1,1,1,1,1,0,0,20250701,20250831
3_1277_2564_29_1048_10,0,0,0,0,0,1,0,20250701,20250831
3_1277_2565_29_1048_11,0,0,0,0,0,0,1,20250701,20250831
3_1278_2566_29_1049_9,1,1,1,1,1,0,0,20250701,20250831
3_1279_2454_29_1076_9,1,1,1,1,1,0,0,20250801,20250831
3_1280_2455_29_1077_9,1,1,1,1,1,0,0,20250801,20250831
3_1282_2443_28_1107_9,1,1,1,1,1,0,0,20250715,20250831
3_1282_2446_28_1107_10,0,0,0,0,0,1,0,20250715,20250831
3_1282_2447_28_1107_11,0,0,0,0,0,0,1,20250715,20250831
3_1283_2568_38_1112_13,1,1,1,1,1,1,1,20250801,20250831
3_1284_2569_29_1119_9,1,1,1,1,1,0,0,20250701,20300731
3_1284_2570_29_1119_10,0,0,0,0,0,1,0,20250701,20300731
3_1284_2572_29_1119_11,0,0,0,0,0,0,1,20250701,20300731
3_1285_2536_22_1118_10,0,0,0,0,0,1,0,20250725,20300731
3_1285_2537_22_1118_11,0,0,0,0,0,0,1,20250725,20300731
3_1285_2573_22_1118_9,1,1,1,1,1,0,0,20250725,20300731
3_1286_2047_41_986_11,0,0,0,0,0,0,1,20250901,20250914
3_1286_2458_41_986_9,1,1,1,1,1,0,0,20250901,20250914
3_1286_2459_41_986_10,0,0,0,0,0,1,0,20250901,20250914
3_1287_2222_41_989_11,0,0,0,0,0,0,1,20250901,20250914
3_1287_2341_41_989_9,1,1,1,1,1,0,0,20250901,20250914
3_1287_2343_41_989_10,0,0,0,0,0,1,0,20250901,20250914
3_1288_2056_41_991_10,0,0,0,0,0,1,0,20250901,20250914
3_1288_2057_41_991_11,0,0,0,0,0,0,1,20250901,20250914
3_1288_2351_41_991_9,1,1,1,1,1,0,0,20250901,20250914
4_107_398_6_147_42,0,0,0,1,0,0,1,20250701,20250831
4_108_357_6_147_42,0,0,0,1,0,0,1,20250901,20250908
4_354_569_8_169_2,0,0,0,0,0,1,0,20170107,20301231
4_832_1653_11_114_135,1,0,0,0,1,0,0,20200701,20301231
4_860_1697_11_110_38,0,1,1,1,0,0,0,20200817,20301231
4_860_1705_11_110_135,1,0,0,0,1,0,0,20200817,20301231
4_864_1708_4_206_116,0,0,0,0,1,1,0,20200821,20301231
4_910_1805_11_109_2,0,0,0,0,0,1,0,20201209,20301231
4_910_2723_11_109_1,1,1,1,1,1,0,0,20201209,20301231
4_999_1511_8_90_1,1,1,1,1,1,0,0,20200518,20301231
4_1000_766_6_99_2,0,0,0,0,0,1,0,20210120,20301231
4_1000_1674_6_99_3,0,0,0,0,0,0,1,20210120,20301231
4_1000_2749_6_99_1,1,1,1,1,1,0,0,20210120,20301231
4_1018_1910_6_100_9,1,1,1,1,1,1,0,20210419,20301231
4_1098_2036_4_226_8,1,1,1,1,1,1,1,20211213,20301231
4_1098_2037_4_227_8,1,1,1,1,1,1,1,20211213,20301231
4_1204_2088_6_97_1,1,1,1,1,1,0,0,20220201,20301231
4_1205_2089_6_98_1,1,1,1,1,1,0,0,20220201,20301231
4_1211_2101_14_121_1,1,1,1,1,1,0,0,20220209,20301231
4_1211_2102_14_121_2,0,0,0,0,0,1,0,20220209,20301231
4_1212_2103_14_122_1,1,1,1,1,1,0,0,20220209,20301231
4_1213_2106_14_123_1,1,1,1,1,1,0,0,20220209,20301231
4_1213_2107_14_123_2,0,0,0,0,0,1,0,20220209,20301231
4_1214_2108_14_130_1,1,1,1,1,1,0,0,20220209,20301231
4_1214_2109_14_130_2,0,0,0,0,0,1,0,20220209,20301231
4_1329_2215_4_12_8,1,1,1,1,1,1,1,20220912,20301231
4_1338_2230_4_11_1,1,1,1,1,1,0,0,20221017,20301231
4_1338_2231_4_11_6,0,0,0,0,0,1,1,20221017,20301231
4_1341_2234_4_164_1,1,1,1,1,1,0,0,20221107,20301231
4_1363_2297_4_253_8,1,1,1,1,1,1,1,20230410,20301231
4_1379_2161_4_15_9,1,1,1,1,1,1,0,20230507,20301231
4_1379_2314_4_15_3,0,0,0,0,0,0,1,20230507,20301231
4_1382_2320_19_214_1,1,1,1,1,1,0,0,20230613,20301231
4_1382_2322_19_215_1,1,1,1,1,1,0,0,20230613,20301231
4_1382_2323_19_216_1,1,1,1,1,1,0,0,20230613,20301231
4_1382_2324_19_217_1,1,1,1,1,1,0,0,20230613,20301231
4_1382_2325_19_219_1,1,1,1,1,1,0,0,20230613,20301231
4_1382_2327_19_242_1,1,1,1,1,1,0,0,20230613,20301231
4_1382_2328_19_219_2,0,0,0,0,0,1,0,20230613,20301231
4_1382_2329_19_214_2,0,0,0,0,0,1,0,20230613,20301231
4_1382_2330_19_214_3,0,0,0,0,0,0,1,20230613,20301231
4_1448_2402_11_115_8,1,1,1,1,1,1,1,20231101,20301231
4_1477_2474_8_276_1,1,1,1,1,1,0,0,20240124,20301231
4_1477_2475_8_276_2,0,0,0,0,0,1,0,20240124,20301231
4_1477_2476_8_276_3,0,0,0,0,0,0,1,20240124,20301231
4_1487_2490_11_281_8,1,1,1,1,1,1,1,20240323,20301231
4_1488_2494_11_282_8,1,1,1,1,1,1,1,20240323,20301231
4_1489_2496_11_283_8,1,1,1,1,1,1,1,20240323,20301231
4_1490_2498_11_284_1,1,1,1,1,1,0,0,20240323,20301231
4_1492_2503_4_248_1,1,1,1,1,1,0,0,20240323,20301231
4_1499_2520_4_239_8,1,1,1,1,1,1,1,20240501,20301231
4_1500_2521_4_13_1,1,1,1,1,1,0,0,20240503,20301231
4_1500_2522_4_13_2,0,0,0,0,0,1,0,20240503,20301231
4_1500_2523_4_13_3,0,0,0,0,0,0,1,20240503,20301231
4_1505_2531_8_279_1,1,1,1,1,1,0,0,20240501,20301231
4_1521_2544_11_178_1,1,1,1,1,1,0,0,20240701,20301231
4_1521_2754_11_178_3,0,0,0,0,0,0,1,20240701,20301231
4_1522_2548_11_285_1,1,1,1,1,1,0,0,20240701,20301231
4_1522_2549_11_285_6,0,0,0,0,0,1,1,20240701,20301231
4_1525_2555_4_140_1,1,1,1,1,1,0,0,20240701,20301231
4_1525_2556_4_140_6,0,0,0,0,0,1,1,20240701,20301231
4_1526_2557_4_254_1,1,1,1,1,1,0,0,20240701,20301231
4_1546_2240_4_20_1,1,1,1,1,1,0,0,20240825,20301231
4_1553_2583_11_113_1,1,1,1,1,1,0,0,20240701,20301231
4_1553_2585_11_113_2,0,0,0,0,0,1,0,20240701,20301231
4_1553_2586_11_113_3,0,0,0,0,0,0,1,20240701,20301231
4_1554_2383_20_230_6,0,0,0,0,0,1,1,20240916,20301231
4_1554_2589_20_230_1,1,1,1,1,1,0,0,20240916,20301231
4_1554_2590_20_231_1,1,1,1,1,1,0,0,20240916,20301231
4_1554_2592_20_234_1,1,1,1,1,1,0,0,20240916,20301231
4_1564_2337_4_201_1,1,1,1,1,1,0,0,20240913,20301231
4_1564_2338_4_201_6,0,0,0,0,0,1,1,20240913,20301231
4_1565_2360_4_208_1,1,1,1,1,1,0,0,20240913,20301231
4_1576_2611_11_286_1,1,1,1,1,1,0,0,20241113,20301231
4_1583_2621_4_16_8,1,1,1,1,1,1,1,20250107,20301231
4_1612_2698_4_302_1,1,1,1,1,1,0,0,20250113,20251231
4_1613_2697_4_301_1,1,1,1,1,1,0,0,20250113,20251231
4_1616_2704_4_238_8,1,1,1,1,1,1,1,20250212,20301231
4_1617_2705_5_96_1,1,1,1,1,1,0,0,20250303,20301231
4_1617_2706_5_96_2,0,0,0,0,0,1,0,20250303,20301231
4_1617_2707_5_96_3,0,0,0,0,0,0,1,20250303,20301231
4_1620_2710_4_3_1,1,1,1,1,1,0,0,20250301,20301231
4_1620_2711_4_9_1,1,1,1,1,1,0,0,20250301,20301231
4_1620_2712_4_14_1,1,1,1,1,1,0,0,20250301,20301231
4_1620_2713_4_14_6,0,0,0,0,0,1,1,20250301,20301231
4_1620_2714_4_3_6,0,0,0,0,0,1,1,20250301,20301231
4_1620_2715_4_9_6,0,0,0,0,0,1,1,20250301,20301231
4_1621_2716_4_10_9,1,1,1,1,1,1,0,20250301,20250905
4_1621_2717_4_10_3,0,0,0,0,0,0,1,20250301,20250905
4_1623_2294_14_191_90,0,1,1,1,1,1,1,20250401,20251031
4_1624_2409_14_191_90,0,1,1,1,1,1,1,20251101,20260331
4_1626_2725_5_308_1,1,1,1,1,1,0,0,20250401,20301231
4_1627_2195_4_4_1,1,1,1,1,1,0,0,20250405,20301231
4_1627_2726_4_4_6,0,0,0,0,0,1,1,20250405,20301231
4_1648_2751_4_17_1,1,1,1,1,1,0,0,20250501,20301231
4_1648_2752_4_17_2,0,0,0,0,0,1,0,20250501,20301231
4_1648_2753_4_17_3,0,0,0,0,0,0,1,20250501,20301231
4_1649_2755_4_296_135,1,0,0,0,1,0,0,20250421,20301231
4_1649_2756_4_296_38,0,1,1,1,0,0,0,20250421,20301231
4_1650_2757_4_18_1,1,1,1,1,1,0,0,20250501,20301231
4_1650_2758_4_18_2,0,0,0,0,0,1,0,20250501,20301231
4_1650_2759_4_18_3,0,0,0,0,0,0,1,20250501,20301231
4_1651_2760_4_23_1,1,1,1,1,1,0,0,20250501,20301231
4_1651_2761_4_23_6,0,0,0,0,0,1,1,20250501,20301231
4_1652_2762_4_299_1,1,1,1,1,1,0,0,20250501,20301231
4_1653_2763_4_163_1,1,1,1,1,1,0,0,20250501,20301231
4_1653_2764_4_163_6,0,0,0,0,0,1,1,20250501,20301231
4_1654_2335_4_1_2,0,0,0,0,0,1,0,20250501,20301231
4_1654_2336_4_1_3,0,0,0,0,0,0,1,20250501,20301231
4_1654_2527_4_1_1,1,1,1,1,1,0,0,20250501,20301231
4_1660_2703_11_307_2,0,0,0,0,0,1,0,20250520,20301231
4_1660_2769_11_307_1,1,1,1,1,1,0,0,20250520,20301231
4_1661_2542_11_177_2,0,0,0,0,0,1,0,20250520,20301231
4_1661_2543_11_177_3,0,0,0,0,0,0,1,20250520,20301231
4_1661_2770_11_177_1,1,1,1,1,1,0,0,20250520,20301231
4_1662_2771_4_274_1,1,1,1,1,1,0,0,20250501,20301231
4_1663_2772_11_149_76,0,0,1,0,1,0,0,20250620,20250905
4_1664_2773_4_243_9,1,1,1,1,1,1,0,20250623,20250908
4_1664_2774_4_243_3,0,0,0,0,0,0,1,20250623,20250908
4_1665_2775_4_293_35,0,1,0,1,0,0,0,20250624,20250904
4_1666_2776_5_146_35,0,1,0,1,0,0,0,20250624,20250904
4_1667_338_11_148_9,1,1,1,1,1,1,0,20250701,20250831
4_1667_339_11_148_3,0,0,0,0,0,0,1,20250701,20250831
4_1668_351_8_91_9,1,1,1,1,1,1,0,20250621,20250908
4_1668_352_8_91_3,0,0,0,0,0,0,1,20250621,20250908
4_1669_2777_20_233_125,0,0,1,1,0,0,0,20250625,20250904
4_1671_2779_23_291_1,1,1,1,1,1,0,0,20250802,20301231
4_1672_2780_4_8_8,1,1,1,1,1,1,1,20250623,20250907
4_1673_2783_4_21_9,1,1,1,1,1,1,0,20250623,20301231
4_1673_2784_4_21_3,0,0,0,0,0,0,1,20250623,20301231
4_1674_2162_4_22_9,1,1,1,1,1,1,0,20250623,20250907
4_1674_2343_4_22_3,0,0,0,0,0,0,1,20250623,20250907
4_1675_2162_4_22_9,1,1,1,1,1,1,0,20250908,20301231
4_1676_2785_11_176_1,1,1,1,1,1,0,0,20250623,20301231
4_1676_2787_11_176_6,0,0,0,0,0,1,1,20250623,20301231
4_1678_2788_4_25_8,1,1,1,1,1,1,1,20250625,20250907
4_1682_2795_4_19_1,1,1,1,1,1,0,0,20250711,20250907
4_1682_2796_4_19_2,0,0,0,0,0,1,0,20250711,20250907
4_1682_2797_4_19_3,0,0,0,0,0,0,1,20250711,20250907
4_1684_2798_5_300_1,1,1,1,1,1,0,0,20250701,20250831
4_1685_2708_5_300_1,1,1,1,1,1,0,0,20250901,20301231
4_1686_2803_8_89_3,0,0,0,0,0,0,1,20250801,20301231
4_1686_2804_8_89_9,1,1,1,1,1,1,0,20250801,20301231
4_1698_2792_4_297_116,0,0,0,0,1,1,0,20250824,20250907
4_1698_2794_4_297_152,1,1,1,1,0,0,1,20250824,20250907
4_1699_2600_4_297_116,0,0,0,0,1,1,0,20250908,20301231
4_1699_2601_4_297_152,1,1,1,1,0,0,1,20250908,20301231
4_1709_612_18_186_3,0,0,0,0,0,0,1,20250824,20301231
4_1709_723_18_185_3,0,0,0,0,0,0,1,20250824,20301231
4_1709_1052_18_185_54,1,1,1,1,0,0,0,20250824,20301231
4_1709_1055_18_186_54,1,1,1,1,0,0,0,20250824,20301231
4_1709_1057_18_185_122,0,0,0,0,1,0,0,20250824,20301231
4_1709_1058_18_186_122,0,0,0,0,1,0,0,20250824,20301231
4_1709_1059_18_185_2,0,0,0,0,0,1,0,20250824,20301231
4_1709_1061_18_186_2,0,0,0,0,0,1,0,20250824,20301231
4_1711_163_15_160_1,1,1,1,1,1,0,0,20250824,20301231
4_1711_1222_15_160_6,0,0,0,0,0,1,1,20250824,20301231
4_1711_1223_15_161_6,0,0,0,0,0,1,1,20250824,20301231
4_1711_1312_15_161_1,1,1,1,1,1,0,0,20250824,20301231
4_1712_2825_4_10_9,1,1,1,1,1,1,0,20250906,20250911
4_1712_2826_4_10_3,0,0,0,0,0,0,1,20250906,20250911
4_1713_2716_4_10_9,1,1,1,1,1,1,0,20250912,20301231
4_1713_2717_4_10_3,0,0,0,0,0,0,1,20250912,20301231
4_1714_2606_4_8_8,1,1,1,1,1,1,1,20250908,20301231
4_1715_2408_4_25_8,1,1,1,1,1,1,1,20250908,20301231
5_87_142_4_11_1,1,1,1,1,1,0,0,20210601,20271231
5_87_144_4_11_5,0,0,0,0,0,1,0,20210601,20271231
5_87_148_4_11_4,0,0,0,0,0,0,1,20210601,20271231
5_87_162_4_12_7,1,1,1,1,1,1,1,20210601,20271231
5_89_71_5_6_1,1,1,1,1,1,0,0,20211213,20280315
5_89_73_5_6_5,0,0,0,0,0,1,0,20211213,20280315
5_89_74_5_6_4,0,0,0,0,0,0,1,20211213,20280315
5_90_29_6_1_1,1,1,1,1,1,0,0,20211213,20280815
5_90_30_6_1_5,0,0,0,0,0,1,0,20211213,20280815
5_90_31_6_1_4,0,0,0,0,0,0,1,20211213,20280815
5_90_36_6_2_1,1,1,1,1,1,0,0,20211213,20280815
5_97_16_7_8_1,1,1,1,1,1,0,0,20250623,20250831
5_97_17_7_9_7,1,1,1,1,1,1,1,20250623,20250831
5_97_28_7_14_1,1,1,1,1,1,0,0,20250623,20250831
5_97_39_7_5_1,1,1,1,1,1,0,0,20250623,20250831
5_97_68_7_27_7,1,1,1,1,1,1,1,20250623,20250831
5_97_167_7_28_1,1,1,1,1,1,0,0,20250623,20250831
5_97_172_7_10_1,1,1,1,1,1,0,0,20250623,20250831
5_97_173_7_4_1,1,1,1,1,1,0,0,20250623,20250831
5_97_174_7_4_5,0,0,0,0,0,1,0,20250623,20250831
5_97_175_7_4_4,0,0,0,0,0,0,1,20250623,20250831
5_97_181_7_7_1,1,1,1,1,1,0,0,20250623,20250831
5_97_182_7_7_5,0,0,0,0,0,1,0,20250623,20250831
5_97_183_7_7_4,0,0,0,0,0,0,1,20250623,20250831
5_98_49_7_19_14,0,0,0,0,0,1,1,20250628,20250831
6_1_6_10_9_1,1,1,1,1,1,0,0,20200914,20251231
6_1_7_10_9_2,0,0,0,0,0,1,0,20200914,20251231
6_2_8_10_10_3,0,0,0,0,0,0,1,20250630,20250831
6_2_9_10_10_2,0,0,0,0,0,1,0,20250630,20250831
6_2_11_10_10_1,1,1,1,1,1,0,0,20250630,20250831
6_2_243_10_10_12,0,0,0,0,1,0,0,20250630,20250831
6_6_26_5_12_1,1,1,1,1,1,0,0,20200701,20251231
6_6_196_5_12_9,0,0,0,0,0,1,1,20200701,20251231
6_20_61_3_1_1,1,1,1,1,1,0,0,20170101,20251231
6_20_65_3_1_7,1,1,1,1,1,1,1,20170101,20251231
6_20_66_3_1_9,0,0,0,0,0,1,1,20170101,20251231
6_21_63_3_3_1,1,1,1,1,1,0,0,20170101,20251231
6_21_154_3_77_11,0,0,0,0,0,0,1,20170101,20251231
6_22_67_5_13_1,1,1,1,1,1,0,0,20200701,20251231
6_22_68_5_13_2,0,0,0,0,0,1,0,20200701,20251231
6_28_89_5_47_1,1,1,1,1,1,0,0,20200701,20251231
6_31_103_5_39_1,1,1,1,1,1,0,0,20170101,20251231
6_32_104_5_48_1,1,1,1,1,1,0,0,20170101,20251231
6_37_125_5_49_1,1,1,1,1,1,0,0,20200720,20251231
6_37_126_5_49_2,0,0,0,0,0,1,0,20200720,20251231
6_37_127_5_49_11,0,0,0,0,0,0,1,20200720,20251231
6_38_128_5_19_1,1,1,1,1,1,0,0,20200701,20251231
6_38_129_5_19_2,0,0,0,0,0,1,0,20200701,20251231
6_38_130_5_19_3,0,0,0,0,0,0,1,20200701,20251231
6_40_212_5_18_1,1,1,1,1,1,0,0,20170701,20251231
6_40_213_5_18_16,0,1,0,1,0,0,0,20170701,20251231
6_40_246_5_18_10,1,0,1,0,1,0,0,20170701,20251231
6_44_184_4_6_1,1,1,1,1,1,0,0,20200701,20251231
6_44_185_4_6_2,0,0,0,0,0,1,0,20200701,20251231
6_45_17_4_7_6,1,0,0,0,0,0,0,20250607,20250907
6_45_120_4_7_11,0,0,0,0,0,0,1,20250607,20250907
6_45_156_4_7_2,0,0,0,0,0,1,0,20250607,20250907
6_45_157_4_7_1,1,1,1,1,1,0,0,20250607,20250907
6_48_188_5_4_1,1,1,1,1,1,0,0,20200701,20251231
6_48_240_5_4_2,0,0,0,0,0,1,0,20200701,20251231
6_48_241_5_4_11,0,0,0,0,0,0,1,20200701,20251231
6_49_189_5_5_1,1,1,1,1,1,0,0,20200701,20251231
6_49_190_5_5_2,0,0,0,0,0,1,0,20200701,20251231
6_49_191_5_5_3,0,0,0,0,0,0,1,20200701,20251231
6_50_192_5_11_1,1,1,1,1,1,0,0,20200701,20251231
6_50_193_5_11_3,0,0,0,0,0,0,1,20200701,20251231
6_50_194_5_11_2,0,0,0,0,0,1,0,20200701,20251231
6_50_202_5_11_12,0,0,0,0,1,0,0,20200701,20251231
6_51_198_5_15_1,1,1,1,1,1,0,0,20200701,20251231
6_51_200_5_15_2,0,0,0,0,0,1,0,20200701,20251231
6_51_201_5_15_3,0,0,0,0,0,0,1,20200701,20251231
6_53_207_5_17_1,1,1,1,1,1,0,0,20210520,20251231
6_53_208_5_17_2,0,0,0,0,0,1,0,20210520,20251231
6_53_209_5_17_3,0,0,0,0,0,0,1,20210520,20251231
6_54_215_5_21_1,1,1,1,1,1,0,0,20200701,20251231
6_54_242_5_21_2,0,0,0,0,0,1,0,20200701,20251231
6_55_216_5_22_1,1,1,1,1,1,0,0,20200701,20251231
6_56_217_5_32_1,1,1,1,1,1,0,0,20200701,20251231
6_56_218_5_32_2,0,0,0,0,0,1,0,20200701,20251231
6_56_219_5_32_3,0,0,0,0,0,0,1,20200701,20251231
6_57_220_3_26_2,0,0,0,0,0,1,0,20200701,20251231
6_57_244_3_26_1,1,1,1,1,1,0,0,20200701,20251231
6_58_149_3_29_1,1,1,1,1,1,0,0,20200701,20251231
6_59_221_5_37_1,1,1,1,1,1,0,0,20200701,20251231
6_60_131_5_38_1,1,1,1,1,1,0,0,20200701,20251231
6_60_231_5_38_9,0,0,0,0,0,1,1,20200701,20251231
6_61_222_5_40_1,1,1,1,1,1,0,0,20200701,20251231
6_61_223_5_40_2,0,0,0,0,0,1,0,20200701,20251231
6_61_224_5_40_3,0,0,0,0,0,0,1,20200701,20251231
6_62_225_5_41_7,1,1,1,1,1,1,1,20200701,20251231
6_67_178_3_97_1,1,1,1,1,1,0,0,20220714,20251231
6_67_251_3_97_2,0,0,0,0,0,1,0,20220714,20251231
6_72_252_10_78_11,0,0,0,0,0,0,1,20250710,20250831
6_73_253_5_76_11,0,0,0,0,0,0,1,20250710,20250831
7_214_367_9_32_1,1,1,1,1,1,0,0,20220118,20260630
7_214_367_9_34_1,1,1,1,1,1,0,0,20220118,20260630
7_214_367_9_35_1,1,1,1,1,1,0,0,20220118,20260630
7_214_368_9_32_3,0,0,0,0,0,1,0,20220118,20260630
7_214_368_9_35_3,0,0,0,0,0,1,0,20220118,20260630
7_214_369_9_32_8,0,0,0,0,0,0,1,20220118,20260630
7_214_369_9_35_8,0,0,0,0,0,0,1,20220118,20260630
7_220_385_4_44_1,1,1,1,1,1,0,0,20220901,20251231
7_220_385_4_45_1,1,1,1,1,1,0,0,20220901,20251231
7_220_385_4_49_1,1,1,1,1,1,0,0,20220901,20251231
7_220_385_4_176_1,1,1,1,1,1,0,0,20220901,20251231
7_220_386_4_44_3,0,0,0,0,0,1,0,20220901,20251231
7_220_386_4_45_3,0,0,0,0,0,1,0,20220901,20251231
7_220_386_4_49_3,0,0,0,0,0,1,0,20220901,20251231
7_267_394_2_56_3,0,0,0,0,0,1,0,20250701,20250831
7_267_464_2_55_1,1,1,1,1,1,0,0,20250701,20250831
7_267_464_2_56_1,1,1,1,1,1,0,0,20250701,20250831
7_268_393_2_55_1,1,1,1,1,1,0,0,20250901,20260630
7_268_393_2_56_1,1,1,1,1,1,0,0,20250901,20260630
7_268_394_2_56_3,0,0,0,0,0,1,0,20250901,20260630
7_269_485_3_62_1,1,1,1,1,1,0,0,20250630,20250914
7_269_485_3_216_1,1,1,1,1,1,0,0,20250630,20250914
7_269_485_3_254_1,1,1,1,1,1,0,0,20250630,20250914
7_269_485_3_255_1,1,1,1,1,1,0,0,20250630,20250914
7_269_485_3_276_1,1,1,1,1,1,0,0,20250630,20250914
7_269_485_3_321_1,1,1,1,1,1,0,0,20250630,20250914
7_269_486_3_62_3,0,0,0,0,0,1,0,20250630,20250914
7_269_486_3_255_3,0,0,0,0,0,1,0,20250630,20250914
7_269_486_3_276_3,0,0,0,0,0,1,0,20250630,20250914
7_269_487_3_62_8,0,0,0,0,0,0,1,20250630,20250914
7_270_417_10_60_1,1,1,1,1,1,0,0,20250701,20250831
7_270_417_10_294_1,1,1,1,1,1,0,0,20250701,20250831
7_271_488_5_71_1,1,1,1,1,1,0,0,20250701,20250831
7_271_488_5_72_1,1,1,1,1,1,0,0,20250701,20250831
7_271_488_5_73_1,1,1,1,1,1,0,0,20250701,20250831
7_271_488_5_278_1,1,1,1,1,1,0,0,20250701,20250831
7_271_488_5_279_1,1,1,1,1,1,0,0,20250701,20250831
7_271_488_5_280_1,1,1,1,1,1,0,0,20250701,20250831
7_271_488_5_281_1,1,1,1,1,1,0,0,20250701,20250831
7_271_488_5_283_1,1,1,1,1,1,0,0,20250701,20250831
7_271_488_5_285_1,1,1,1,1,1,0,0,20250701,20250831
7_271_488_5_286_1,1,1,1,1,1,0,0,20250701,20250831
7_271_488_5_287_1,1,1,1,1,1,0,0,20250701,20250831
7_271_488_5_288_1,1,1,1,1,1,0,0,20250701,20250831
7_271_489_5_72_3,0,0,0,0,0,1,0,20250701,20250831
7_271_489_5_278_3,0,0,0,0,0,1,0,20250701,20250831
7_271_489_5_279_3,0,0,0,0,0,1,0,20250701,20250831
7_271_489_5_280_3,0,0,0,0,0,1,0,20250701,20250831
7_271_489_5_281_3,0,0,0,0,0,1,0,20250701,20250831
7_271_489_5_283_3,0,0,0,0,0,1,0,20250701,20250831
7_271_489_5_287_3,0,0,0,0,0,1,0,20250701,20250831
7_271_490_5_72_8,0,0,0,0,0,0,1,20250701,20250831
7_271_490_5_278_8,0,0,0,0,0,0,1,20250701,20250831
7_271_490_5_279_8,0,0,0,0,0,0,1,20250701,20250831
7_271_490_5_281_8,0,0,0,0,0,0,1,20250701,20250831
7_271_490_5_283_8,0,0,0,0,0,0,1,20250701,20250831
7_271_490_5_289_8,0,0,0,0,0,0,1,20250701,20250831
7_272_491_6_14_1,1,1,1,1,1,0,0,20250701,20250914
7_272_491_6_17_1,1,1,1,1,1,0,0,20250701,20250914
7_272_491_6_18_1,1,1,1,1,1,0,0,20250701,20250914
7_272_491_6_19_1,1,1,1,1,1,0,0,20250701,20250914
7_272_491_6_20_1,1,1,1,1,1,0,0,20250701,20250914
7_272_491_6_21_1,1,1,1,1,1,0,0,20250701,20250914
7_272_491_6_22_1,1,1,1,1,1,0,0,20250701,20250914
7_272_492_6_14_3,0,0,0,0,0,1,0,20250701,20250914
7_272_492_6_15_3,0,0,0,0,0,1,0,20250701,20250914
7_272_492_6_17_3,0,0,0,0,0,1,0,20250701,20250914
7_272_492_6_18_3,0,0,0,0,0,1,0,20250701,20250914
7_272_492_6_22_3,0,0,0,0,0,1,0,20250701,20250914
7_273_493_17_203_1,1,1,1,1,1,0,0,20250701,20250831
7_274_469_5_71_3,0,0,0,0,0,1,0,20250901,20260630
7_274_469_5_278_3,0,0,0,0,0,1,0,20250901,20260630
7_274_469_5_279_3,0,0,0,0,0,1,0,20250901,20260630
7_274_469_5_280_3,0,0,0,0,0,1,0,20250901,20260630
7_274_469_5_281_3,0,0,0,0,0,1,0,20250901,20260630
7_274_469_5_283_3,0,0,0,0,0,1,0,20250901,20260630
7_274_469_5_287_3,0,0,0,0,0,1,0,20250901,20260630
7_274_471_5_278_8,0,0,0,0,0,0,1,20250901,20260630
7_274_471_5_279_8,0,0,0,0,0,0,1,20250901,20260630
7_274_471_5_281_8,0,0,0,0,0,0,1,20250901,20260630
7_274_471_5_283_8,0,0,0,0,0,0,1,20250901,20260630
7_274_471_5_289_8,0,0,0,0,0,0,1,20250901,20260630
7_274_477_5_71_1,1,1,1,1,1,0,0,20250901,20260630
7_274_477_5_278_1,1,1,1,1,1,0,0,20250901,20260630
7_274_477_5_279_1,1,1,1,1,1,0,0,20250901,20260630
7_274_477_5_280_1,1,1,1,1,1,0,0,20250901,20260630
7_274_477_5_281_1,1,1,1,1,1,0,0,20250901,20260630
7_274_477_5_282_1,1,1,1,1,1,0,0,20250901,20260630
7_274_477_5_283_1,1,1,1,1,1,0,0,20250901,20260630
7_274_477_5_285_1,1,1,1,1,1,0,0,20250901,20260630
7_274_477_5_286_1,1,1,1,1,1,0,0,20250901,20260630
7_274_477_5_287_1,1,1,1,1,1,0,0,20250901,20260630
7_274_477_5_288_1,1,1,1,1,1,0,0,20250901,20260630
7_274_477_5_289_1,1,1,1,1,1,0,0,20250901,20260630
7_275_478_3_61_1,1,1,1,1,1,0,0,20250915,20260630
7_275_478_3_62_1,1,1,1,1,1,0,0,20250915,20260630
7_275_478_3_216_1,1,1,1,1,1,0,0,20250915,20260630
7_275_478_3_254_1,1,1,1,1,1,0,0,20250915,20260630
7_275_478_3_255_1,1,1,1,1,1,0,0,20250915,20260630
7_275_478_3_276_1,1,1,1,1,1,0,0,20250915,20260630
7_275_479_3_62_3,0,0,0,0,0,1,0,20250915,20260630
7_275_479_3_255_3,0,0,0,0,0,1,0,20250915,20260630
7_275_479_3_276_3,0,0,0,0,0,1,0,20250915,20260630
7_275_480_3_62_8,0,0,0,0,0,0,1,20250915,20260630
7_275_480_3_276_8,0,0,0,0,0,0,1,20250915,20260630
7_276_382_6_14_1,1,1,1,1,1,0,0,20250915,20260630
7_276_382_6_17_1,1,1,1,1,1,0,0,20250915,20260630
7_276_382_6_18_1,1,1,1,1,1,0,0,20250915,20260630
7_276_382_6_19_1,1,1,1,1,1,0,0,20250915,20260630
7_276_382_6_20_1,1,1,1,1,1,0,0,20250915,20260630
7_276_382_6_21_1,1,1,1,1,1,0,0,20250915,20260630
7_276_382_6_22_1,1,1,1,1,1,0,0,20250915,20260630
7_276_383_6_14_3,0,0,0,0,0,1,0,20250915,20260630
7_276_383_6_15_3,0,0,0,0,0,1,0,20250915,20260630
7_276_383_6_17_3,0,0,0,0,0,1,0,20250915,20260630
7_276_383_6_18_3,0,0,0,0,0,1,0,20250915,20260630
7_276_383_6_22_3,0,0,0,0,0,1,0,20250915,20260630
7_277_481_17_203_1,1,1,1,1,1,0,0,20250901,20260630
7_277_481_17_205_1,1,1,1,1,1,0,0,20250901,20260630
7_277_482_17_203_3,0,0,0,0,0,1,0,20250901,20260630
7_277_483_17_203_8,0,0,0,0,0,0,1,20250901,20260630
7_278_472_10_60_1,1,1,1,1,1,0,0,20250901,20260630
7_278_472_10_294_1,1,1,1,1,1,0,0,20250901,20260630
8_475_443_6_15_1,1,1,1,1,1,0,0,20240909,20251219
8_528_39_11_14_1,1,1,1,1,1,0,0,20250701,20250908
8_530_796_9_8_1,1,1,1,1,1,0,0,20250625,20250831
8_530_796_9_9_1,1,1,1,1,1,0,0,20250625,20250831
8_530_796_9_10_1,1,1,1,1,1,0,0,20250625,20250831
8_530_796_9_12_1,1,1,1,1,1,0,0,20250625,20250831
8_530_796_9_18_1,1,1,1,1,1,0,0,20250625,20250831
8_530_796_9_62_1,1,1,1,1,1,0,0,20250625,20250831
8_531_798_9_8_4,0,0,0,0,0,1,0,20250625,20250831
8_531_798_9_9_4,0,0,0,0,0,1,0,20250625,20250831
8_531_798_9_10_4,0,0,0,0,0,1,0,20250625,20250831
8_531_798_9_12_4,0,0,0,0,0,1,0,20250625,20250831
8_531_798_9_18_4,0,0,0,0,0,1,0,20250625,20250831
8_531_798_9_62_4,0,0,0,0,0,1,0,20250625,20250831
8_532_797_9_8_1,1,1,1,1,1,0,0,20250901,20250914
8_532_797_9_9_1,1,1,1,1,1,0,0,20250901,20250914
8_532_797_9_10_1,1,1,1,1,1,0,0,20250901,20250914
8_532_797_9_12_1,1,1,1,1,1,0,0,20250901,20250914
8_532_797_9_18_1,1,1,1,1,1,0,0,20250901,20250914
8_533_799_9_8_4,0,0,0,0,0,1,0,20250901,20250914
8_533_799_9_9_4,0,0,0,0,0,1,0,20250901,20250914
8_533_799_9_10_4,0,0,0,0,0,1,0,20250901,20250914
8_533_799_9_12_4,0,0,0,0,0,1,0,20250901,20250914
8_533_799_9_18_4,0,0,0,0,0,1,0,20250901,20250914
8_534_801_9_9_5,0,0,0,0,0,0,1,20250625,20250831
8_534_801_9_12_5,0,0,0,0,0,0,1,20250625,20250831
8_534_801_9_18_5,0,0,0,0,0,0,1,20250625,20250831
8_534_801_9_62_5,0,0,0,0,0,0,1,20250625,20250831
8_535_803_9_9_5,0,0,0,0,0,0,1,20250901,20250914
8_535_803_9_12_5,0,0,0,0,0,0,1,20250901,20250914
8_535_803_9_18_5,0,0,0,0,0,0,1,20250901,20250914
8_536_804_10_13_1,1,1,1,1,1,0,0,20250630,20250908
8_536_804_10_16_1,1,1,1,1,1,0,0,20250630,20250908
8_536_804_10_17_1,1,1,1,1,1,0,0,20250630,20250908
8_537_806_10_13_4,0,0,0,0,0,1,0,20250630,20250908
8_537_806_10_16_4,0,0,0,0,0,1,0,20250630,20250908
8_537_806_10_17_4,0,0,0,0,0,1,0,20250630,20250908
8_538_807_10_13_5,0,0,0,0,0,0,1,20250630,20250908
8_538_807_10_16_5,0,0,0,0,0,0,1,20250630,20250908
8_538_807_10_17_5,0,0,0,0,0,0,1,20250630,20250908
8_539_810_12_11_1,1,1,1,1,1,0,0,20250630,20250908
8_540_809_12_11_4,0,0,0,0,0,1,0,20250630,20250908
8_541_808_12_11_5,0,0,0,0,0,0,1,20250630,20250908
9_98_252_6_6_2,1,1,1,1,1,0,0,20250701,20250831
9_98_252_6_8_2,1,1,1,1,1,0,0,20250701,20250831
9_98_252_6_13_2,1,1,1,1,1,0,0,20250701,20250831
9_98_252_6_15_2,1,1,1,1,1,0,0,20250701,20250831
9_98_252_6_16_2,1,1,1,1,1,0,0,20250701,20250831
9_98_252_6_20_2,1,1,1,1,1,0,0,20250701,20250831
9_98_252_6_21_2,1,1,1,1,1,0,0,20250701,20250831
9_98_252_6_22_2,1,1,1,1,1,0,0,20250701,20250831
9_98_252_6_23_2,1,1,1,1,1,0,0,20250701,20250831
9_98_252_6_24_2,1,1,1,1,1,0,0,20250701,20250831
9_98_252_6_25_2,1,1,1,1,1,0,0,20250701,20250831
9_98_252_6_26_2,1,1,1,1,1,0,0,20250701,20250831
9_98_252_6_27_2,1,1,1,1,1,0,0,20250701,20250831
9_98_252_6_29_2,1,1,1,1,1,0,0,20250701,20250831
9_98_252_6_30_2,1,1,1,1,1,0,0,20250701,20250831
9_98_252_6_32_2,1,1,1,1,1,0,0,20250701,20250831
9_98_252_6_33_2,1,1,1,1,1,0,0,20250701,20250831
9_98_252_6_34_2,1,1,1,1,1,0,0,20250701,20250831
9_98_252_6_35_2,1,1,1,1,1,0,0,20250701,20250831
9_98_252_6_36_2,1,1,1,1,1,0,0,20250701,20250831
9_98_252_6_37_2,1,1,1,1,1,0,0,20250701,20250831
9_98_252_6_38_2,1,1,1,1,1,0,0,20250701,20250831
9_98_252_6_45_2,1,1,1,1,1,0,0,20250701,20250831
9_98_252_6_46_2,1,1,1,1,1,0,0,20250701,20250831
9_98_252_6_47_2,1,1,1,1,1,0,0,20250701,20250831
9_98_252_6_48_2,1,1,1,1,1,0,0,20250701,20250831
9_98_252_6_50_2,1,1,1,1,1,0,0,20250701,20250831
9_98_252_6_52_2,1,1,1,1,1,0,0,20250701,20250831
9_98_252_6_53_2,1,1,1,1,1,0,0,20250701,20250831
9_98_252_6_54_2,1,1,1,1,1,0,0,20250701,20250831
9_98_252_6_56_2,1,1,1,1,1,0,0,20250701,20250831
9_98_252_6_57_2,1,1,1,1,1,0,0,20250701,20250831
9_98_252_6_58_2,1,1,1,1,1,0,0,20250701,20250831
9_98_252_6_59_2,1,1,1,1,1,0,0,20250701,20250831
9_98_252_6_60_2,1,1,1,1,1,0,0,20250701,20250831
9_98_252_6_64_2,1,1,1,1,1,0,0,20250701,20250831
9_98_252_6_66_2,1,1,1,1,1,0,0,20250701,20250831
9_98_252_6_69_2,1,1,1,1,1,0,0,20250701,20250831
9_98_252_6_70_2,1,1,1,1,1,0,0,20250701,20250831
9_98_252_6_73_2,1,1,1,1,1,0,0,20250701,20250831
9_98_252_6_74_2,1,1,1,1,1,0,0,20250701,20250831
9_98_252_6_75_2,1,1,1,1,1,0,0,20250701,20250831
9_98_252_6_76_2,1,1,1,1,1,0,0,20250701,20250831
9_98_253_6_6_3,0,0,0,0,0,1,0,20250701,20250831
9_98_253_6_13_3,0,0,0,0,0,1,0,20250701,20250831
9_98_253_6_15_3,0,0,0,0,0,1,0,20250701,20250831
9_98_253_6_16_3,0,0,0,0,0,1,0,20250701,20250831
9_98_253_6_23_3,0,0,0,0,0,1,0,20250701,20250831
9_98_253_6_24_3,0,0,0,0,0,1,0,20250701,20250831
9_98_253_6_25_3,0,0,0,0,0,1,0,20250701,20250831
9_98_253_6_29_3,0,0,0,0,0,1,0,20250701,20250831
9_98_253_6_33_3,0,0,0,0,0,1,0,20250701,20250831
9_98_253_6_34_3,0,0,0,0,0,1,0,20250701,20250831
9_98_253_6_35_3,0,0,0,0,0,1,0,20250701,20250831
9_98_253_6_38_3,0,0,0,0,0,1,0,20250701,20250831
9_98_253_6_44_3,0,0,0,0,0,1,0,20250701,20250831
9_98_253_6_45_3,0,0,0,0,0,1,0,20250701,20250831
9_98_253_6_46_3,0,0,0,0,0,1,0,20250701,20250831
9_98_253_6_50_3,0,0,0,0,0,1,0,20250701,20250831
9_98_253_6_52_3,0,0,0,0,0,1,0,20250701,20250831
9_98_253_6_53_3,0,0,0,0,0,1,0,20250701,20250831
9_98_253_6_55_3,0,0,0,0,0,1,0,20250701,20250831
9_98_253_6_56_3,0,0,0,0,0,1,0,20250701,20250831
9_98_253_6_57_3,0,0,0,0,0,1,0,20250701,20250831
9_98_253_6_58_3,0,0,0,0,0,1,0,20250701,20250831
9_98_253_6_59_3,0,0,0,0,0,1,0,20250701,20250831
9_98_253_6_60_3,0,0,0,0,0,1,0,20250701,20250831
9_98_253_6_64_3,0,0,0,0,0,1,0,20250701,20250831
9_98_253_6_66_3,0,0,0,0,0,1,0,20250701,20250831
9_98_253_6_69_3,0,0,0,0,0,1,0,20250701,20250831
9_98_253_6_73_3,0,0,0,0,0,1,0,20250701,20250831
9_98_253_6_74_3,0,0,0,0,0,1,0,20250701,20250831
9_98_253_6_75_3,0,0,0,0,0,1,0,20250701,20250831
9_98_253_6_76_3,0,0,0,0,0,1,0,20250701,20250831
9_98_254_6_6_4,0,0,0,0,0,0,1,20250701,20250831
9_98_254_6_13_4,0,0,0,0,0,0,1,20250701,20250831
9_98_254_6_15_4,0,0,0,0,0,0,1,20250701,20250831
9_98_254_6_16_4,0,0,0,0,0,0,1,20250701,20250831
9_98_254_6_24_4,0,0,0,0,0,0,1,20250701,20250831
9_98_254_6_25_4,0,0,0,0,0,0,1,20250701,20250831
9_98_254_6_33_4,0,0,0,0,0,0,1,20250701,20250831
9_98_254_6_34_4,0,0,0,0,0,0,1,20250701,20250831
9_98_254_6_35_4,0,0,0,0,0,0,1,20250701,20250831
9_98_254_6_38_4,0,0,0,0,0,0,1,20250701,20250831
9_98_254_6_44_4,0,0,0,0,0,0,1,20250701,20250831
9_98_254_6_45_4,0,0,0,0,0,0,1,20250701,20250831
9_98_254_6_46_4,0,0,0,0,0,0,1,20250701,20250831
9_98_254_6_50_4,0,0,0,0,0,0,1,20250701,20250831
9_98_254_6_52_4,0,0,0,0,0,0,1,20250701,20250831
9_98_254_6_53_4,0,0,0,0,0,0,1,20250701,20250831
9_98_254_6_56_4,0,0,0,0,0,0,1,20250701,20250831
9_98_254_6_57_4,0,0,0,0,0,0,1,20250701,20250831
9_98_254_6_58_4,0,0,0,0,0,0,1,20250701,20250831
9_98_254_6_59_4,0,0,0,0,0,0,1,20250701,20250831
9_98_254_6_60_4,0,0,0,0,0,0,1,20250701,20250831
9_98_254_6_64_4,0,0,0,0,0,0,1,20250701,20250831
9_98_254_6_66_4,0,0,0,0,0,0,1,20250701,20250831
9_98_254_6_69_4,0,0,0,0,0,0,1,20250701,20250831
9_98_254_6_73_4,0,0,0,0,0,0,1,20250701,20250831
9_98_254_6_74_4,0,0,0,0,0,0,1,20250701,20250831
9_98_254_6_75_4,0,0,0,0,0,0,1,20250701,20250831
9_98_254_6_76_4,0,0,0,0,0,0,1,20250701,20250831
9_100_248_6_3_2,1,1,1,1,1,0,0,20250901,20260630
9_100_248_6_5_2,1,1,1,1,1,0,0,20250901,20260630
9_100_248_6_6_2,1,1,1,1,1,0,0,20250901,20260630
9_100_248_6_8_2,1,1,1,1,1,0,0,20250901,20260630
9_100_248_6_9_2,1,1,1,1,1,0,0,20250901,20260630
9_100_248_6_13_2,1,1,1,1,1,0,0,20250901,20260630
9_100_248_6_15_2,1,1,1,1,1,0,0,20250901,20260630
9_100_248_6_16_2,1,1,1,1,1,0,0,20250901,20260630
9_100_248_6_17_2,1,1,1,1,1,0,0,20250901,20260630
9_100_248_6_18_2,1,1,1,1,1,0,0,20250901,20260630
9_100_248_6_19_2,1,1,1,1,1,0,0,20250901,20260630
9_100_248_6_20_2,1,1,1,1,1,0,0,20250901,20260630
9_100_248_6_21_2,1,1,1,1,1,0,0,20250901,20260630
9_100_248_6_22_2,1,1,1,1,1,0,0,20250901,20260630
9_100_248_6_23_2,1,1,1,1,1,0,0,20250901,20260630
9_100_248_6_24_2,1,1,1,1,1,0,0,20250901,20260630
9_100_248_6_25_2,1,1,1,1,1,0,0,20250901,20260630
9_100_248_6_26_2,1,1,1,1,1,0,0,20250901,20260630
9_100_248_6_27_2,1,1,1,1,1,0,0,20250901,20260630
9_100_248_6_28_2,1,1,1,1,1,0,0,20250901,20260630
9_100_248_6_29_2,1,1,1,1,1,0,0,20250901,20260630
9_100_248_6_30_2,1,1,1,1,1,0,0,20250901,20260630
9_100_248_6_31_2,1,1,1,1,1,0,0,20250901,20260630
9_100_248_6_32_2,1,1,1,1,1,0,0,20250901,20260630
9_100_248_6_33_2,1,1,1,1,1,0,0,20250901,20260630
9_100_248_6_34_2,1,1,1,1,1,0,0,20250901,20260630
9_100_248_6_35_2,1,1,1,1,1,0,0,20250901,20260630
9_100_248_6_36_2,1,1,1,1,1,0,0,20250901,20260630
9_100_248_6_37_2,1,1,1,1,1,0,0,20250901,20260630
9_100_248_6_43_2,1,1,1,1,1,0,0,20250901,20260630
9_100_248_6_45_2,1,1,1,1,1,0,0,20250901,20260630
9_100_248_6_46_2,1,1,1,1,1,0,0,20250901,20260630
9_100_248_6_47_2,1,1,1,1,1,0,0,20250901,20260630
9_100_248_6_48_2,1,1,1,1,1,0,0,20250901,20260630
9_100_248_6_50_2,1,1,1,1,1,0,0,20250901,20260630
9_100_248_6_54_2,1,1,1,1,1,0,0,20250901,20260630
9_100_248_6_59_2,1,1,1,1,1,0,0,20250901,20260630
9_100_248_6_64_2,1,1,1,1,1,0,0,20250901,20260630
9_100_248_6_66_2,1,1,1,1,1,0,0,20250901,20260630
9_100_248_6_70_2,1,1,1,1,1,0,0,20250901,20260630
9_100_248_6_75_2,1,1,1,1,1,0,0,20250901,20260630
9_100_248_6_76_2,1,1,1,1,1,0,0,20250901,20260630
9_100_249_6_6_3,0,0,0,0,0,1,0,20250901,20260630
9_100_249_6_13_3,0,0,0,0,0,1,0,20250901,20260630
9_100_249_6_15_3,0,0,0,0,0,1,0,20250901,20260630
9_100_249_6_16_3,0,0,0,0,0,1,0,20250901,20260630
9_100_249_6_19_3,0,0,0,0,0,1,0,20250901,20260630
9_100_249_6_22_3,0,0,0,0,0,1,0,20250901,20260630
9_100_249_6_23_3,0,0,0,0,0,1,0,20250901,20260630
9_100_249_6_24_3,0,0,0,0,0,1,0,20250901,20260630
9_100_249_6_25_3,0,0,0,0,0,1,0,20250901,20260630
9_100_249_6_29_3,0,0,0,0,0,1,0,20250901,20260630
9_100_249_6_33_3,0,0,0,0,0,1,0,20250901,20260630
9_100_249_6_35_3,0,0,0,0,0,1,0,20250901,20260630
9_100_249_6_45_3,0,0,0,0,0,1,0,20250901,20260630
9_100_249_6_46_3,0,0,0,0,0,1,0,20250901,20260630
9_100_249_6_50_3,0,0,0,0,0,1,0,20250901,20260630
9_100_249_6_55_3,0,0,0,0,0,1,0,20250901,20260630
9_100_249_6_59_3,0,0,0,0,0,1,0,20250901,20260630
9_100_249_6_64_3,0,0,0,0,0,1,0,20250901,20260630
9_100_249_6_75_3,0,0,0,0,0,1,0,20250901,20260630
9_100_249_6_76_3,0,0,0,0,0,1,0,20250901,20260630
9_100_250_6_6_4,0,0,0,0,0,0,1,20250901,20260630
9_100_250_6_13_4,0,0,0,0,0,0,1,20250901,20260630
9_100_250_6_15_4,0,0,0,0,0,0,1,20250901,20260630
9_100_250_6_16_4,0,0,0,0,0,0,1,20250901,20260630
9_100_250_6_19_4,0,0,0,0,0,0,1,20250901,20260630
9_100_250_6_22_4,0,0,0,0,0,0,1,20250901,20260630
9_100_250_6_23_4,0,0,0,0,0,0,1,20250901,20260630
9_100_250_6_24_4,0,0,0,0,0,0,1,20250901,20260630
9_100_250_6_25_4,0,0,0,0,0,0,1,20250901,20260630
9_100_250_6_29_4,0,0,0,0,0,0,1,20250901,20260630
9_100_250_6_33_4,0,0,0,0,0,0,1,20250901,20260630
9_100_250_6_34_4,0,0,0,0,0,0,1,20250901,20260630
9_100_250_6_35_4,0,0,0,0,0,0,1,20250901,20260630
9_100_250_6_45_4,0,0,0,0,0,0,1,20250901,20260630
9_100_250_6_46_4,0,0,0,0,0,0,1,20250901,20260630
9_100_250_6_50_4,0,0,0,0,0,0,1,20250901,20260630
9_100_250_6_59_4,0,0,0,0,0,0,1,20250901,20260630
9_100_250_6_64_4,0,0,0,0,0,0,1,20250901,20260630
9_100_250_6_70_4,0,0,0,0,0,0,1,20250901,20260630
9_100_250_6_75_4,0,0,0,0,0,0,1,20250901,20260630
9_100_250_6_76_4,0,0,0,0,0,0,1,20250901,20260630
